COMISIÓN NACIONAL DEL AGUA
COORDINACIÓN GENERAL DEL SERVICIO METEOROLÓGICO NACIONAL
BASE DE DATOS CLIMATOLÓGICA NACIONAL 

ESTADÍSTICA MENSUAL
EMISIÓN   : 13/09/2024 

DATOS DISPONIBLES EN LA BASE DE DATOS A: SEPTIEMBRE DE 2024; 
CON LA INFORMACIÓN SUMINISTRADA POR LAS UNIDADES ADMINISTRATIVAS 

 ESTACIÓN  : 32001 
 NOMBRE    : AGUA NUEVA 
 ESTADO    : ZACATECAS 
 MUNICIPIO : VILLA DE COS 
 SITUACIÓN : OPERANDO 
 CVE-OMM   :   
 LATITUD   : 23.78333333 ° 
 LONGITUD  : -102.1602778 ° 
 ALTITUD   : 1946 msnm 


LLUVIA MÁXIMA 24 H.
AÑO	ENE	FEB	MAR	ABR	MAY	JUN	JUL	AGO	SEP	OCT	NOV	DIC	ACUM	PROM	MESES
1964	10.1	0.01	0.01	5	29	7	15	17	25	9	1.5	15	133.62	11.1	12
1965	9	12	1	25	0.01	12	12	15	24	13	21	21	165.01	13.8	12
1966	7	2	1	12	21	14.5	16.5	35	5	42	0.01	0.01	156.02	13	12
1967	12	0.01	12	2	7	7	32.5	18	37	8	2		137.51	12.5	11
1968		2	33.5	12	11	10	38	19	7	8	5	17	162.5	14.8	11
1969	4	0.01	0.01	0.01	3.5	6	13	10		14	31	2	83.53	7.6	11
1970	2.5	16.5	0.01	0	2	40	14.5	41	31.5	9	0	0.01	157.02	13.1	12
1971	2	0	3	0	20	52	4	38.5	7.5	30	0	2	159	13.2	12
1972	4.5	0	12	2	22	36	18	18	24	23	22	4	185.5	15.5	12
1973	23	2.5	0	0	6.2	28	13	20			0	3.5	96.2	9.6	10
1974	0	0	3	1	6	34	8	51	26.5	7	0	8	144.5	12	12
1975	5.5	1	0	0	4	14	40	32	10	1	0	6	113.5	9.5	12
1976	5	0	0	0	8	6	51	17	50	12	18	18	185	15.4	12
1977	4.5	0	0	10	2	7		10	15	25	0	1	74.5	6.8	11
1978	0	0		2	7	8	38	29	29	26	0	5	144	13.1	11
1979	2	1	0	0.5	4	10	19	8	8	2	2	23	79.5	6.6	12
1980	4	27	0	9.5	3	4	20	40	20	10	3	15	155.5	13	12
1981	25	10	0	25	20	15	6	9.1	14	0	0	0	124.1	10.3	12
1982	0	0	0	0	0	0	30	19	14	9	13	14	99	8.2	12
1983	8.6	0	0	0	28	8	22	28	10	5	9	0	118.6	9.9	12
1984	14.5	0	0	0	6	6	35	20	5.5	3	0	7	97	8.1	12
1985	6	17.5											23.5	11.8	2
1987		1.6	0	5	0	0	0	5	0	0	4.6	4	20.2	1.8	11
1988	1.3	0	0	0	0	0		21	20	0	2.6		44.9	4.5	10
1989	0	0	0	0	0	0	0	21	38	16	0	4	79	6.6	12
1990	0	3	0	0	21	15	15	14	33.8	142	15	0	258.8	21.6	12
1991	0	27.5	0	0	2.2	31	20	12.8	40.5	32	5	42	213	17.8	12
1992	27.6	21	5	15	22	10	45.5	14	44.8	22.2	20	0	247.1	20.6	12
1993	17.3	0.01	1	0.2	0.5	6.5	7.9	49.2	26	5.5	27.9	2.2	144.21	12	12
1994	5.2	0.2	5.5	12	7.6	40.7	16.5	14.5	16.6	8.5	0	13	140.3	11.7	12
1995	4	0	0.01	0.01	11	20	15.4	29	15.4	0	9	6.5	110.32	9.2	12
1996	0	5.5	0	6	4.5	14	18.5	17	11	21.5	1.5	0	99.5	8.3	12
1997	5.2	11	17	15.8	17.7	14	10.4	7.9	10.2	8.9	6.5	12	136.6	11.4	12
1998	2.9	5.3	0.01	3.2	0.01	5.8	2.1	25.8	16.9	3	3.1	0.01	68.13	5.7	12
2000	0.01	0.01	0.01	14.5	15.6	18.8	15						63.93	9.1	7
2001	0		1.8	1.2	14.5	14.1	5.2	11	15	17.1	8.2	2.5	90.6	8.2	11
2002	9.2	6.1	0.01	3.2	1.9	37.5	23.5	17	18.5	23.1	5.5	0.01	145.52	12.1	12
2003	1.1	9	0.5	0.01	9.3	18.2	24	23.5	39	43	0		167.61	15.2	11
2005	8.4	19.5	3.5	10	20.8	19.5	13.5	9.2	18.7	17			140.1	14	10
2006	16.6	4.5	0	1.7	5.5	16.3	34	18.2	0	8.7	0.5	4	110	9.2	12
2009	0.01	0	3.5	2.9	5.2	16	7	41.5	26	2.6	22.8	28	155.51	13	12
2010	23	20.3	0.01	2.1	1	24.5	28	9.6	76		0	0	184.51	16.8	11
2011	0	0	0	0	5.2	3	18	19	25.5	8	0	0	78.7	6.6	12
2012	24	14	0.01	35	22	5.5	9.5	34.5	65.2	10.1	7	5.2	232.01	19.3	12
2013	14.2	0	0	0.01	5.5	10	40	10	28.5	3.5	40	45.1	196.81	16.4	12
2014	6.4	0	2.3	0.01	16	46	20	48.1	65.2	5.6	20.1	19.5	249.21	20.8	12
2015	7	40	30.8	5.5	21.1	83.3	40.5	17.5	21.5	48	1.9	2.4	319.5	26.6	12
2016	1.4	1.8	13.1	1.6	15.4	13	11.3	51.9	38.6	21	11.5	3.1	183.7	15.3	12
2017	0.01	0.01	38	0.01	5	2.9	38.8	29.3	25	3	0	10	152.03	12.7	12
2018	21.1	5.9	1.5	9	24.3	38.5	5	8.6	38	21	16.4	14.4	203.7	17	12
2019	5.8	0	0	1.5	5	25.1	25.9	20.1	11.6	18.6	30.4	21.3	165.3	13.8	12
2020											0	3.2	3.2	1.6	2
2021	11.9	0	0	0.01	11	30.5	26.6	43.4	28.5	13.8	0.01	2.5	168.22	14	12
2022	0	2.1	0	2.8		9.2	32.1	16.6	39.5	31	4.5	0	137.8	12.5	11
MÍNIMA	0	0	0	0	0	0	0	5	0	0	0	0	3.2	1.6	2
MÁXIMA	27.6	40	38	35	29	83.3	51	51.9	76	142	40	45.1	319.5	26.6	12
MEDIA	7.1	5.6	3.7	4.9	9.8	17.6	20.3	22.6	24.8	16.5	7.7	8.5	139	12.1	11.2
DESV.ST	7.8	9	8.6	7.5	8.5	15.9	12.7	12.7	16.5	21.7	10.1	10.5	61.7	4.8	2

LLUVIA TOTAL MENSUAL
AÑO	ENE	FEB	MAR	ABR	MAY	JUN	JUL	AGO	SEP	OCT	NOV	DIC	ACUM	PROM	MESES
1964	15.65	0.02	0.01	5.03	56.07	20.02	27.06	40.15	126.05	29.61	1.56	18.26	339.49	28.3	12
1965	10.02	12.06	1.02	38.02	0.07	25.07	30.83	76.6	114.15	17.12	34.55	54.55	414.06	34.5	12
1966	15.61	2.11	1.12	23.08	59.05	56.6	71.57	147.06	9.15	47.02	0.15	0.08	432.6	36	12
1967	22	0.04	18.06	2.03	23.58	8.14	43.6	112.65	90.14	8.13	4.16		332.53	30.2	11
1968		6.57	66.55	32.5	12.03	37.04	93.56	95.06	25.12	9.19	5.13	31.04	413.79	37.6	11
1969	10.01	0.03	0.06	0.01	5.52	31.02	34.06	24.62		21.15	32.09	3.12	161.69	14.7	11
1970	4.59	40.56	0.05	0	2.05	91.55	36.09	76.53	111.11	10.13	0	0.1	372.76	31.1	12
1971	4.5	0	4	0	23.3	147.5	9.5	152	23.5	53	0	2	419.3	34.9	12
1972	13	0	16	4	23	77	70	29.5	89.5	36	22	4	384	32	12
1973	41.5	6.5	0	0	10.9	55	18.5	74			0	3.5	209.9	21	10
1974	0	0	3	1	8	41	22	101	54	12.5	0	15.5	258	21.5	12
1975	14	1	0	0	5	51	113.5	103	11	1	0	15.5	315	26.2	12
1976	6	0	0	0	18	10	216.5	43.5	194	32	52	44	616	51.3	12
1977	6.5	0	0	18	3	16		54.5	36	42	0	2	178	16.2	11
1978	0	0		3	13.5	26.5	105	102	162.5	52.5	0	5	470	42.7	11
1979	2	2	0	0.5	12.5	22	71	26	18	2	2	45	203	16.9	12
1980	8	38.5	0	20.5	3	5	36	323	29	23	7	22	515	42.9	12
1981	48	15	0	50	38	24	13	23.1	33	0	0	0	244.1	20.3	12
1982	0	0	0	0	0	0	64	19	19	17	17	14	150	12.5	12
1983	18.1	0	0	0	67	8	28	54	10	5	9	0	199.1	16.6	12
1984	26.5	0	0	0	6	13	76	25	5.5	4	0	14	170	14.2	12
1985	11	21.1											32.1	16	2
1987		1.6	0	9	0	0	0	7.8	0	0	4.6	8.9	31.9	2.9	11
1988	1.3	0	0	0	0	0		87	27	0	2.6		117.9	11.8	10
1989	0	0	0	0	0	0	0	66.5	48	28	0	5.2	147.7	12.3	12
1990	0	5.2	0	0	43.5	33.5	38	59	106	406.5	31	0	722.7	60.2	12
1991	0	57.5	0	0	2.2	57.22	173.71	45.41	117.31	169.54	5.04	104.04	731.97	61	12
1992	103.23	35	14.04	21.02	66.67	28.42	82.53	33.71	98.72	55.95	47.51	0	586.8	48.9	12
1993	21.2	0.03	1	0.21	0.74	30.44	35.75	135.68	63.17	10.21	32.63	4.21	335.27	27.9	12
1994	5.2	0.23	6.11	20.7	16.26	128.01	36.12	62.54	58.82	22.91	0	20.5	377.4	31.4	12
1995	5.01	0	0.01	0.02	24.51	48.94	35.11	117.6	20.4	0	10	14	275.6	23	12
1996	0	11.02	0	6.51	6.62	49.41	39.52	56.65	25.34	53.9	2.01	0	250.98	20.9	12
1997	11.32	11	24.92	39.74	43.85	45.07	26.01	32.28	21.06	31.25	8.42	12.32	307.24	25.6	12
1998	2.93	6.4	0.04	3.2	0.02	21.8	3.04	135.36	48.51	8.88	5.56	0.02	235.76	19.6	12
2000	0.02	0.01	0.03	15.85	38.97	94.12	25.51						174.51	24.9	7
2001	0		2.8	5.51	36.9	31.2	14.4	41.5	40.8	24	10	6.01	213.12	19.4	11
2002	11	17.9	0.01	7.72	7.01	81.22	109.5	60.52	59.72	59.61	13.72	0.01	427.94	35.7	12
2003	4.11	15.01	0.5	0.05	16.13	79.92	78.61	125.5	163.41	70.8	0		554.04	50.4	11
2005	9.9	51.5	4.8	11.3	24.32	30.5	44.33	34.72	29.41	31.23			272.01	27.2	10
2006	21.13	8.6	0	2.23	14.66	32.43	83.63	96.33	0	33.57	1	13.81	307.39	25.6	12
2009	0.02	0	4.52	5.71	10.86	61.17	22.32	56.32	99.64	5.88	25.93	49.03	341.4	28.4	12
2010	33.61	42.93	0.01	2.12	1	60.86	115.86	15.02	293.75		0	0	565.16	51.4	11
2011	0	0	0	0	8.92	3.01	57.18	44.36	91.05	10.61	0	0	215.13	17.9	12
2012	24	28.51	0.03	35.03	32.03	15.76	15.87	64.14	101.35	11.52	7.02	5.2	340.46	28.4	12
2013	33.42	0	0	0.03	17.94	26.51	149.15	39.27	116.25	9.21	69.65	73.2	534.63	44.6	12
2014	9.83	0	4.11	0.02	22.32	129.87	62.74	89.78	97.46	6.62	37.41	28.3	488.46	40.7	12
2015	14.24	75.42	60.34	14.83	34.54	157.45	107.94	48.35	48.92	123.52	3.12	3.6	692.27	57.7	12
2016	3.81	1.82	27.2	1.61	30.74	19.62	32.34	148.45	118.62	33.52	28.82	3.11	449.66	37.5	12
2017	0.02	0.01	47.4	0.03	7.52	9.54	113.44	91.55	109.54	7.12	0	16.83	403	33.6	12
2018	48.32	11.02	1.51	21.2	49.52	108.51	19.46	26.92	113.12	33.52	26	14.4	473.5	39.5	12
2019	10.53	0	0	1.5	9.2	79.6	62.85	74.73	24.44	36.6	56.71	32.2	388.36	32.4	12
2020											0	3.7	3.7	1.9	2
2021	12.5	0	0	0.02	23.92	115.91	116.55	154.24	72.43	39.84	0.03	3	538.44	44.9	12
2022	0	3.6	0	8.4		22.62	71.77	39.65	53.61	77.32	5.5	0	282.47	25.7	11
MÍNIMA	0	0	0	0	0	0	0	7.8	0	0	0	0	3.7	1.9	2
MÁXIMA	103.23	75.42	66.55	50	67	157.45	216.5	323	293.75	406.5	69.65	104.04	731.97	61	12
MEDIA	13	10.2	6.1	8.3	19.2	45.5	59.1	74.4	70	37.2	12.2	14.9	344.8	29.8	11.2
DESV.ST	17.9	17.3	14.6	12.4	18.4	40	46.1	53.4	57.7	62.5	17.3	21.2	171.2	13.8	2

EVAPORACIÓN MENSUAL
AÑO	ENE	FEB	MAR	ABR	MAY	JUN	JUL	AGO	SEP	OCT	NOV	DIC	ACUM	PROM	MESES
2005											29.98	18	47.98	24	2
MÍNIMA											29.98	18	47.98	24	2
MÁXIMA											29.98	18	47.98	24	2
MEDIA											30	18	48	24	2
DESV.ST															

TEMPERATURA MÁXIMA PROMEDIO
AÑO	ENE	FEB	MAR	ABR	MAY	JUN	JUL	AGO	SEP	OCT	NOV	DIC	ACUM	PROM	MESES
1964	19.2	23.6	26.7	32.1	32.2	32.2	31.5	32.2	29.2	25.3	26.5	22.5		27.8	12
1965	21.7	21.6	28.3	30.1	33	33.4	30.8	28.2	29.4	26.1	26.8	19.6		27.4	12
1966	18.4	20.7	23.7	28.8	30.3	31.4	30.8	29	29.6	26.6	25	21.6		26.3	12
1967	19.5	23.5	26.9	31.7	32.1	32.1	29.9	28.2	24.6	21.1	23.2			26.6	11
1968		19.7	20	25.7	31.5	31.8	29	28.3	26.9	27.8	24.7	20.7		26	11
1969	21.6	23.5	23.6	29.3	30.5	33.4	31.4	31		28.1	23.6	21.2		27	11
1970	20.7	21.6	24.3	31	30.5	30.4	28.8	30	27	26.9	24.6	25.1		26.7	12
1971	24.3	24	27.6	29.4	31.5	29.6	30	26.1	29.1	25.6	25.5	24.2		27.2	12
1972	22	22.8	26.4	31.7	31.8	29.3	29.5	28	28.3	27.3	24.9	21.8		27	12
1973	20.6	22.8	26.3	29.2	30.8	30.7	29.7	27.5			26.3	22.1		26.6	10
1974	25.8	26	29.1	31.9	32.8	32.4	30.7	30.2	28.5	25.8	24.1	20.7		28.2	12
1975	21.1	23.5	28.2	31.8	31	31.8	28.3	27	26.9	26.7	25.6	22.3		27	12
1976	21.7	25	27.8	27.6	30.8	31.7	26.2	28	27.7	24.4	19.7	17.7		25.7	12
1977	20.5	22.1	26.7	26.2	30.1	30.3		30	29.4	27.3	24.1	24.9		26.5	11
1978	23.4	23.2		30.6	32.7	32.4	32	29.7	26.7	26.1	25.8	23.5		27.8	11
1979	22.3	23.3	27.1	30.3	31.2	31.5	31.3	29.4	28.7	30.8	24.3	21.6		27.6	12
1980	22.1	22.8	28.1	28.3	32.1	35	34.6	31.4	32.8	27.2	24.7	22.8		28.5	12
1981	21.8	24.6	27.9	31.4	32.5	35	32.7	30.5	28.5	29.3	26.9	22.5		28.6	12
1982	24.3	26	29.9	32.1	32.1	35.1	33.9	31.1	29.7	28.1	22.9	22.1		28.9	12
1983	20.1	23	25.9	30.9	32.6	33.3	30.1	29.4	28.8	27.4	22	23		27.2	12
1984	17.8	22.7	26.7	30.3	30	31.7	25.7	28.2	26.6	28.4	26.3	23.5		26.5	12
1985	20.4	20.4												20.4	2
1987		21.3	25.3	28.3	24	26.6	28.7	29.6	28.1	25.4	23.4	20.9		25.6	11
1988	21.4	25.4	25.8	28.9	32.7	30		27.6	28.6	26.2	27.1			27.4	10
1989	24.3	24.5	26.7	29.4	32.2	32.9	30.4	28.5	28.5	27.2	24.5	18.8		27.3	12
1990	22.1	22.5	27.4	30.3	31.9	32.1	28	27.7	26.9	25.7	26.3	23.3		27	12
1991	21.8	23.5	30.4	32.2	36	33.6	26.7	30.1	25.7	25.6	23.9	20		27.5	12
1992	17.8	21.3	26.3	27.8	28.9	32.8	29.1	28	26.6	24.5	26	23.5		26	12
1993	20.9	23.1	24	29.2	29.9	29.9	29.5	28.5	25.6	26.4	24.1	23.1		26.2	12
1994	19.2	24.8	26.4	27.9	31.4	28.9	29.7	26.6	25.4	25	25.4	21.8		26	12
1995	21.1	23.4	25.7	28.8	32.6	31.8	29.2	25.8	27.4	25.3	22.8	19.3		26.1	12
1996	19.9	23.6	24.6	27.7	29.5	29.9	30.3	28	26.4	23.7	21.8	20.8		25.5	12
1997	19.3	22.8	24.8	24.7	29.7	32	30.9	31.1	29.8	26.1	26.4	19.3		26.4	12
1998	21.9	22.6	26.8	31.3	34.8	33.9	32.6	29.4	26.5	27.4	26.1	23.5		28.1	12
2000	23.7	25.7	27.9	30.5	31.8	28.2	31.1							28.4	7
2001	21.4		24.8	31.6	29.9	30.4	31.3	30.5	27.8	26.6	23.4	21.1		27.2	11
2002	21.7	21	26.9	31	32.4	30.4	28.5	28.7	26.2	26.5	21.9	20.7		26.3	12
2003	21.3	23.4	26	29	33.3	30.5	27	27.2	25.6	23.8	24.5			26.5	11
2005				28.2	29.8	32.5	28.6			25.8				29	5
2006	21.1	21.7	26.6	30.5	29.1	29	26.3	25.7	25.2	23.5	22.9	18.7		25	12
2009	22.1	24.3	26.2	28.2	30.2	29.6	28.1	29.6	24.8	25.3	22.4	20		25.9	12
2010	17.9	18.2	23	27.9	30.5	30.6	25.7	29.6	26		22.5	21		24.8	11
2011	21.4	24.2	27.4	30.9	32.2	31.9	28.5	29.9	27.6	24.9	24	22.2		27.1	12
2012	20.5	21.3	26.5	32.2	35.2	35.2	30.1	28.4	25.6	25.9	22.9	21.5		27.1	12
2013	18.5	23.7	24	28.9	29.3	29.8	26.4	27.3	24.4	26	21.9	21		25.1	12
2014	18.7	25.6	26.4	29.2	28.9	29.9	27.6	28.5	26.4	26.8	20.6	21.7		25.9	12
2015	20.5	21.4	21.7	27.1	30.7	27.8	27.2	28.9	27.4	24.3	23.8	21.5		25.2	12
2016	19.8	24.8	25	29.2	30.7	29.8	31.1	28.2	25.9	25.2	21.9	23.8		26.3	12
2017	22.6	25.4	26.8	29.8	32.8	32	29.3	28.3	25.3	26.1	26.9	20.9		27.2	12
2018	21.4	23.5	28.8	29.7	31	29.8	29.6	30.2	25.2	24.5	23.6	20.8		26.5	12
2019	23.4	26.5	29	30	32.5	31.4	29.5	30.9	27.7	27.1	24	22.3		27.9	12
2020											27	22.6		24.8	2
2021	22.6	26.2	30	31.6	31.5	28.9	26.4	27.8	26.8	26.5	24.6	25.7		27.4	12
2022	22.7	24.1	28.5	31.4	33.1	31	30	28.7	26.5	25.9	26.7	24		27.7	12
MÍNIMA	17.8	18.2	20	24.7	24	26.6	25.7	25.7	24.4	21.1	19.7	17.7		20.4	2
MÁXIMA	25.8	26.5	30.4	32.2	36	35.2	34.6	32.2	32.8	30.8	27.1	25.7		29	12
MEDIA	21.2	23.3	26.4	29.7	31.4	31.3	29.5	28.9	27.3	26.1	24.3	21.8		26.7	11.2
DESV.ST	1.8	1.8	2	1.8	1.9	1.9	2	1.5	1.7	1.6	1.8	1.7		1.3	2.2

TEMPERATURA MÁXIMA EXTREMA
AÑO	ENE	FEB	MAR	ABR	MAY	JUN	JUL	AGO	SEP	OCT	NOV	DIC	ACUM	PROM	MESES
1964	26	30	32	35	37	36	34	37	32	30	35	27		32.6	12
1965	26	27	31	33	37	36	33	31	37	33	33	26		31.9	12
1966	25	25	30	34	36	37	34	35	32	32	29	28		31.4	12
1967	26	29	31	35	38	35	33	34	29	29	26			31.4	11
1968		25	27	31	36	36	34	34	31	31	31	25		31	11
1969	27	28	29	32	33	37	34	34		31	31	26		31.1	11
1970	26	27	32	39	34	35	32	32	31	29	32	29		31.5	12
1971	27	28	33	34	35	36	34.5	32	32	29	28	27		31.3	12
1972	27	28	30	35	35	34	32	33	31	31	33	28		31.4	12
1973	29	29	31	33	39	36	35	34			30	26		32.2	10
1974	29	30	33	35	37	36	35	33	32	30	29	26		32.1	12
1975	28	27	31	37	33	36	32	31	31	30	29	36		31.8	12
1976	26	31	30	32	34	36	32	33	32	30	24	25		30.4	12
1977	25	26	33	29	33	34		33	34	33	28	28		30.5	11
1978	28	29		34	39	36	35	33	31	28	30	28		31.9	11
1979	28	27	32	34	36	37	35	33	34	33	28	28		32.1	12
1980	30	29	32	32	37	39	38	36	36	34	29	28		33.3	12
1981	26	30	34	36	36	38	37	34	36	33	31	28		33.2	12
1982	29	30	34	36	38	40	38	34	33	33	30	26		33.4	12
1983	25	27	32	36	39	39	35	32	33	31	25	29		31.9	12
1984	22	28	31	34	35	35	30	32	32	33	31	29		31	12
1985	27	28												27.5	2
1987		29	30	33	31	35	34	33	34	29	28	27		31.2	11
1988	26	30	32	35	38	35		34	31	30	31			32.2	10
1989	28	29	31	32	37	38	36	34	31	31	29	24.5		31.7	12
1990	26.5	27	31.5	37.5	39	35	34	33	30	29.5	30	28.5		31.8	12
1991	26.5	29	35.5	37	39	37	31	34.5	29.5	30	28.5	27		32	12
1992	25	27.5	32.5	31.5	33	37.5	35.5	31.5	31.5	28	32	31		31.4	12
1993	25	28	29.5	33.5	34	37	33	32	28.5	31	28	26.5		30.5	12
1994	26	28	31	32	33.5	32.5	33	30.5	29	32	29	26		30.2	12
1995	25.5	26	31.5	35.5	36	36	33	31	31	29	27	28		30.8	12
1996	26	29	28	36	36	33	33	32	29	28	27.5	24		30.1	12
1997	24	29	30	32	33	35	34	34	33	30	30.5	27.5		31	12
1998	24.5	30	32.5	35	36.5	39	36.5	33.5	31	30	28.5	29		32.2	12
2000	27.5	30	31.5	35.5	35	31.5	33							32	7
2001	29.5		30	34.5	34.5	34.5	34.5	34	32	31.5	28	25.5		31.7	11
2002	28	27.5	32.5	36	35.5	38	35.5	31	29.5	29.5	28.5	25.5		31.4	12
2003	25.5	27.5	31.5	34	37.5	34	32	31.5	28.5	28	28.5			30.8	11
2005				32	33	39.5	32			30				33.3	5
2006	26	26.5	29	33	33	33.5	30	29.5	29	27.5	29.5	25.5		29.3	12
2009	26.5	29.5	30	33	35	36	32	34	29.5	31	28	28		31	12
2010	25	27	29.5	31	39.5	34.5	29	39	29.5		27	25.5		30.6	11
2011	24.5	28.5	31.5	32.5	36	35.5	31.5	32.5	35	29	27.5	25		30.8	12
2012	26.5	32.5	33	37.5	39.5	39.5	35	31.5	29.5	29	27	24.5		32.1	12
2013	23.5	26	30	32.5	33	33	33	31	28.5	28.5	26.5	27.5		29.4	12
2014	26	28.5	32	32	32.5	34	32	32	30.5	30	26	25		30	12
2015	25	28.5	28.5	31.5	34	32	30.5	31.5	31.5	29	28	27.5		29.8	12
2016	27.5	31	31.5	38.5	34.5	38.5	38	32.5	29	29	28.5	27		32.1	12
2017	28.5	31.5	31.5	32.5	36.5	35.5	32.5	33	30.5	29	31	28		31.7	12
2018	27.5	28.5	32	32.5	35.5	35	35	37.5	29	29	30.5	26		31.5	12
2019	28	34	37.5	34.5	35.5	37.5	32	34	30.9	34.1	28.5	28		32.9	12
2020											31	26.5		28.8	2
2021	28	37	31.5	34.5	36.5	32	31.5	30.5	28.5	30.5	28	29		31.5	12
2022	28	30.5	33	34.5	35.5	35	35	32	31	30.5	29.5	28.5		31.9	12
MÍNIMA	22	25	27	29	31	31.5	29	29.5	28.5	27.5	24	24		27.5	2
MÁXIMA	30	37	37.5	39	39.5	40	38	39	37	34.1	35	36		33.4	12
MEDIA	26.5	28.7	31.4	34	35.7	35.8	33.6	33	31.2	30.3	29.1	27.2		31.3	11.2
DESV.ST	1.6	2.1	1.8	2.1	2.1	2	2.1	1.8	2.1	1.7	2.1	2		1.1	2.2

TEMPERATURA MÍNIMA PROMEDIO
AÑO	ENE	FEB	MAR	ABR	MAY	JUN	JUL	AGO	SEP	OCT	NOV	DIC	ACUM	PROM	MESES
1964	2.2	2.8	6.8	10.3	12.7	13.1	13.4	13.2	12.8	7.7	6.1	3.9		8.8	12
1965	3.2	2.2	5	10.2	13.1	13.6	12	12.2	12.9	7.7	8.9	4.7		8.8	12
1966	2.4	3.5	5.2	8.7	11.8	13.3	13.4	12.7	11.7	9.2	4.9	1.7		8.2	12
1967	2.7	4.3	7	10.8	12	13.8	13.4	13.1	12.2	8.4	6.7			9.5	11
1968		3.2	4.7	9.4	9.5	9.5	9.8	9.1	9.8	9.1	7.4	4.8		7.8	11
1969	3.2	4.3	5.6	9	11.4	14.2	13.8	14.3		11	7.1	2.6		8.8	11
1970	1.6	4	6	10.8	12.6	13.8	13.1	13.3	12	9.6	3.8	4		8.7	12
1971	4.2	4.1	5.7	8.5	13.2	13	12.4	12.7	12.7	12.1	9.6	6.1		9.5	12
1972	4.3	3.7	5.4	10	11.7	13.1	12	12.1	12.3	11.2	8.8	5.3		9.2	12
1973	2.6	3.7	6.9	11.4	12.1	14.4	11.9	11.8			6.6	0.4		8.2	10
1974	3.4	3.2	7.3	10.2	12.3	12.3	13.1	12.7	12.3	9.7	5.2	3.8		8.8	12
1975	2.4	1.9	7.5	11.7	12.3	14.1	12.9	13.5	10.8	8.6	5	2.7		8.6	12
1976	-0.2	2	8	9.2	10.5	12.1	13.3	11.9	11.6	9.2	5.5	5.6		8.2	12
1977	4.5	1.9	8.9	8.8	12.1	12.8		13.2	12	10.5	4.8	0.5		8.2	11
1978	1.8	2.4		9.7	11.9	12.5	13.5	12.2	11.8	9.3	7.9	5.4		8.9	11
1979	3.1	3.8	5.4	9.8	10.9	13.3	13.6	11.4	9.8	8.3	3.5	5		8.2	12
1980	2.9	4.8	8.4	8.1	11	12.8	13	11.7	12	9.2	4.2	4.2		8.5	12
1981	2.5	5.8	6.1	8.3	10.7	14.2	13.5	12.6	12.4	9.5	4.9	3.2		8.6	12
1982	0.6	4.8	8.3	12.8	14	15.2	13.1	13.1	12.1	11.9	7.4	4.5		9.8	12
1983	3.3	3.3	4.4	7.7	11.9	13.6	14	13.8	14.1	9.2	-0.3	4		8.2	12
1984	2.6	4.2	7.1	8.6	10	12.5	12.2	13.8	11.9	11.9	9.2	6.4		9.2	12
1985	4.4	4.2												4.3	2
1987		6.9	6.7	8.7	10.5	12.7	13.8	14.7	15.1	8.7	6.7	6.6		10.1	11
1988	3.4	6.5	8.6	10.6	12.5	13.8		14	11.3	6.3	7.6			9.5	10
1989	2.9	5.4	6.3	10	12.1	14.4	13.7	14.2	12.6	9.4	7.7	4.3		9.4	12
1990	5.5	5.8	8	10.9	14.5	14.7	14.2	13	12.8	10.9	7.3	4.7		10.2	12
1991	4.1	4.1	7.1	10.6	13.8	13.4	13	12.2	12	8.4	4.6	6.2		9.1	12
1992	4.7	2.8	6.3	7.5	11.2	13.2	12.8	12.2	11.4	9.2	7.5	7.6		8.9	12
1993	4	4.6	3.4	9	10.5	13.7	13.1	12.3	12.1	9.4	6.5	4.8		8.6	12
1994	1.7	4.4	6.4	8.9	12.8	13.7	12.5	12.4	11.2	10.2	8.6	6.2		9.1	12
1995	2	6.4	6.2	7.7	12.5	13.7	13.3	13.7	12.7	7.6	7	4.8		9	12
1996	2.8	5.2	4.9	7.8	13	13.7	13.4	12.5	12.3	8.7	4.9	2.9		8.5	12
1997	2.7	4.6	7.1	7.6	10.4	13.2	12.5	12.3	11.1	8.9	6.6	1.2		8.2	12
1998	1.5	1.4	4.2	8.3	11.8	14.6	12.8	13.1	12.5	10.5	7.4	4.3		8.5	12
2000	2.2	4.8	6.9	9.3	12.7	13	12							8.7	7
2001	3.9		5	11.1	11.1	12.2	12.5	12.4	12.3	8.1	5.1	3.4		8.8	11
2002	2.8	3.9	7	10.1	12	13	12.1	12	10.6	10.1	5.7	2.1		8.4	12
2003	2.3	5	5.2	9.7	11.8	13.5	12.2	11.3	11.9	8.5	6.3			8.9	11
2005				7.8	9.7	12.1	13.1			9.4				10.4	5
2006	2.2	1.7	6.5	9.9	11.4	12.4	12.4	11.9	11.7	9.3	4	3.6		8.1	12
2009	3.7	4.1	6.4	7.3	11.7	12.9	12.4	12.1	11.6	9.8	4.6	4		8.4	12
2010	1.6	3.3	4.3	8.4	11	13.3	13	11.8	12.1		3.2	0.8		7.5	11
2011	2.3	4.1	7.3	9.2	11.1	12.4	12.5	12.1	11	7.8	4.4	3.6		8.2	12
2012	3.7	5.5	6.8	8.9	10.3	11.3	12.1	12	10.9	9.2	6.9	4		8.5	12
2013	3.7	4.9	5.8	8	10.4	13	12.8	11.6	11.6	10	8.5	5.2		8.8	12
2014	2.1	5.7	7	9.6	12	14.4	13.2	13	13.4	12.1	6.3	4.7		9.5	12
2015	5	4.8	7.4	10.9	12.7	14	13.2	12.8	13.4	10.4	9.7	4.6		9.9	12
2016	-0.4	2.6	6.1	9.4	12.7	13.1	13.7	14.4	13	10.3	8.5	6.4		9.2	12
2017	3.9	4.1	7.1	9.1	12.5	14.2	13.9	14.3	13.5	9.7	6.2	4.1		9.4	12
2018	3.3	6.8	8.1	10.2	13.4	14.5	13	13	12.8	10.1	6.2	3.2		9.6	12
2019	3.5	7	8.5	7.7	12.5	15.1	14	14.8	13.6	11.5	8.2	4.2		10.1	12
2020											6.5	2.3		4.4	2
2021	2.3	4.5	7.3	10.2	12.6	13.8	12.7	12.8	12.7	10.3	6.3	5.8		9.3	12
2022	2.8	4.5	5.1	10.2	12.6	13.8	14.3	14.3	11.9	9	6.8	4		9.1	12
MÍNIMA	-0.4	1.4	3.4	7.3	9.5	9.5	9.8	9.1	9.8	6.3	-0.3	0.4		4.3	2
MÁXIMA	5.5	7	8.9	12.8	14.5	15.2	14.3	14.8	15.1	12.1	9.7	7.6		10.4	12
MEDIA	2.9	4.2	6.5	9.4	11.9	13.3	13	12.8	12.1	9.5	6.3	4.1		8.7	11.2
DESV.ST	1.2	1.4	1.3	1.2	1.1	1	0.8	1	1	1.3	1.9	1.6		1.1	2.2

TEMPERATURA MÍNIMA EXTREMA
AÑO	ENE	FEB	MAR	ABR	MAY	JUN	JUL	AGO	SEP	OCT	NOV	DIC	ACUM	PROM	MESES
1964	-10	-6	-5	5	9	10	12	10	9	0	3	-4		2.8	12
1965	-4	-9	-8	5	6	9	6	10	10	-3	5	-5		1.8	12
1966	-6	-3	-6	4	4	9	10	7	7	3	2	-9		1.8	12
1967	-5	0	1	5	9	11	11	9	8	5	4			5.3	11
1968		-4	-5	6	7	6	5	6	4	3	4	1		3	11
1969	-3	1	1	2	4	10	8	11		7	1	-5		3.4	11
1970	-5	-4	0	8	8	11	9	10	9	4	-11	-4		2.9	12
1971	1	1	-2	3	5	5	10	11	10	10	5	-5		4.5	12
1972	-3	-2	1	3	6	8	7	9	10	8	2	1		4.2	12
1973	-5	-4	1	7	5	10	10	9			-3	-5		2.5	10
1974	-3	-3	1	5	9	8	7	11	9	6	-8	-5		3.1	12
1975	-8	-8	2	7	8	11	9	10	6	6	-2	-6		2.9	12
1976	-5	-5	4	2	5	8	10	9	8	5	3	-3		3.4	12
1977	-4	-3	-2	-2	7	9		11	8	6	0	-10		1.8	11
1978	-1	-3		0	4	10	9	10	10	4	3	0.5		4.2	11
1979	-5	-3	-5	5	6	8	12	8	2	4	-8	-4		1.7	12
1980	-3	-2	3	-6	7	10	10	9	8	2	-5	-3		2.5	12
1981	-3	1	3	4	8	11	9	10	10	5	-1	-2		4.6	12
1982	-4	0	2	9	11	11	10	10	9	7	0	-1		5.3	12
1983	-2.5	-3	-3	-3	6	10	10	12	11	4	-9	-3.5		2.4	12
1984	-3	-4	1	6	6	7	8	10	8	9	5	4		4.8	12
1985	-8	1												-3.5	2
1987		0	0	1	8	6	11	8	12	6	4	0		5.1	11
1988	-5	2	0	4	7	11		6	10	2	3			4	10
1989	-7	-6	0	5	9	8	10	12	5	5	4	0		3.8	12
1990	0	0	0	7	9	11	12	9	6	6	-2	-8		4.2	12
1991	-3.5	-6	-3.5	6	11	10	10.5	8	5.5	4	-6.5	-3		2.7	12
1992	-5	-2	2	0	7.5	11	10	10	3	1	-3.5	3		3.1	12
1993	-3.5	-1.5	-5	4	6	10	10.5	10.5	6.5	-3	-1.5	0.5		2.8	12
1994	-3.5	-4	0	2	7.5	10	9.5	8.5	6	7	5	-2		3.8	12
1995	-4	-1	-2	-1	8	11	10	10	10	0	0	1		3.5	12
1996	-2	-1	1	1	10	10	10	9	9	5	-3	-5		3.7	12
1997	-7	-2.5	1	-0.5	7	9	10	9	7	2	-1.5	-7.5		2.2	12
1998	-6	-4	-0.5	4.5	7	12.5	9.5	10.5	9	6	-0.5	-4		3.7	12
2000	-2.5	-5.5	1	2	10.5	11.5	10.5							3.9	7
2001	-6.5		-0.5	7	7.5	9	8.5	9	8	2	-2.5	-7		3.1	11
2002	-5	-4.5	0.5	1.5	8.5	9.5	10	9	4	7.5	0	-6		2.9	12
2003	-2.5	-3.5	-2.5	2.5	8	11	10	9.5	8.5	-1	-1			3.5	11
2005				-1	2	9	11			6				5.4	5
2006	-8.5	-5.5	2.5	4	8	9.5	10.5	9	9	0.5	-4	0		2.9	12
2009	0	0	1.5	2.5	9	11	10.5	9	3.5	0.5	0	-3		3.7	12
2010	-6	0	0	4.5	2	10.5	9.5	9.5	4.5		-7	-5		2	11
2011	-2.5	0	4	3	5	10	10.5	9.5	7.5	4.5	-10.5	-4		3.1	12
2012	0	-3	-3	5.5	4.5	9	9.5	9	7.5	4	2	-1		3.7	12
2013	-3.5	-4	1.5	3	7.5	11	11.2	9.5	8.5	4.5	-6	-1.5		3.5	12
2014	-4.5	1.5	-2.5	-1.5	1.5	11.5	10.5	9	10	7	-8.5	-3.5		2.5	12
2015	0.5	-2	4	6	7.5	11.5	9.5	10.5	8.5	4.5	2.5	-8		4.6	12
2016	-7.5	-5	-1	3.5	9	9	9.5	12	10.5	5.5	5	0		4.2	12
2017	-6.5	-4	3.5	4	8.5	12	11.5	12	8	4.5	-2.5	-14		3.1	12
2018	-4	0.5	2	2.5	9	13	10	9	9.5	3.5	-7	-9		3.2	12
2019	-5	3	5	0	10	12	12.5	11	10.2	5	1.5	-1		5.3	12
2020											1	-4.5		-1.8	2
2021	-6.5	-2	0	6	6	9.6	5	8	9.5	1	4	1		3.5	12
2022	-4	-2	-5	6	9.5	11	11.5	12	8	0	-3.5	-2.5		3.4	12
MÍNIMA	-10	-9	-8	-6	1.5	5	5	6	2	-3	-11	-14		-3.5	2
MÁXIMA	1	3	5	9	11	13	12.5	12	12	10	5	4		5.4	12
MEDIA	-4.2	-2.4	-0.2	3.2	7.1	9.8	9.7	9.6	7.9	4	-1	-3.4		3.2	11.2
DESV.ST	2.4	2.6	2.9	3	2.2	1.6	1.6	1.4	2.2	2.9	4.5	3.6		1.5	2.2

TEMPERATURA MEDIA MENSUAL
AÑO	ENE	FEB	MAR	ABR	MAY	JUN	JUL	AGO	SEP	OCT	NOV	DIC	ACUM	PROM	MESES
1964	10.7	13.2	16.8	21.2	22.5	22.7	22.4	22.7	21	16.5	16.3	13.2		18.3	12
1965	12.4	11.9	16.6	20.1	23	23.5	21.4	20.2	21.1	16.9	17.9	12.2		18.1	12
1966	10.4	12.1	14.4	18.8	21	22.4	22.1	20.9	20.6	17.9	14.9	11.7		17.3	12
1967	11.1	13.9	17	21.2	22	23	21.6	20.6	18.4	14.8	14.9			18	11
1968		11.4	12.3	17.6	20.5	20.6	19.4	18.7	18.4	18.4	16	12.8		16.9	11
1969	12.4	13.9	14.6	19.1	21	23.8	22.6	22.6		19.6	15.4	11.9		17.9	11
1970	11.2	12.8	15.2	20.9	21.6	22.1	21	21.6	19.5	18.2	14.2	14.6		17.7	12
1971	14.2	14.1	16.7	19	22.4	21.3	21.2	19.4	20.9	18.9	17.6	15.1		18.4	12
1972	13.2	13.2	15.9	20.9	21.8	21.2	20.8	20	20.3	19.2	16.9	13.6		18.1	12
1973	11.6	13.2	16.6	20.3	21.4	22.6	20.8	19.6			16.4	11.2		17.4	10
1974	14.6	14.6	18.2	21	22.5	22.4	21.9	21.4	20.4	17.8	14.7	12.2		18.5	12
1975	11.8	12.7	17.9	21.8	21.6	23	20.6	20.2	18.9	17.6	15.3	12.5		17.8	12
1976	10.8	13.5	17.9	18.4	20.6	21.9	19.8	20	19.6	16.8	12.6	11.6		17	12
1977	12.5	12	17.8	17.5	21.1	21.6		21.6	20.7	18.9	14.5	12.7		17.4	11
1978	12.6	12.8		20.1	22.3	22.4	22.8	21	19.2	17.7	16.9	14.4		18.4	11
1979	12.7	13.6	16.2	20	21	22.4	22.4	20.4	19.2	19.6	13.9	13.3		17.9	12
1980	12.5	13.8	18.2	18.2	21.6	23.9	23.8	21.5	22.4	18.2	14.4	13.5		18.5	12
1981	12.2	15.2	17	19.9	21.6	24.6	23.1	21.6	20.4	19.4	15.9	12.8		18.6	12
1982	12.5	15.4	19.1	22.5	23	25.1	23.5	22.1	20.9	20	15.1	13.3		19.4	12
1983	11.7	13.2	15.1	19.3	22.2	23.4	22	21.6	21.4	18.3	10.8	13.5		17.7	12
1984	10.2	13.4	16.9	19.4	20	22.1	19	21	19.2	20.1	17.8	14.9		17.8	12
1985	12.4	12.3												12.4	2
1987		14.1	16	18.5	17.2	19.6	21.2	22.1	21.6	17	15	13.8		17.8	11
1988	12.4	15.9	17.2	19.8	22.6	21.9		20.8	20	16.2	17.4			18.4	10
1989	13.6	14.9	16.5	19.7	22.2	23.6	22	21.4	20.6	18.3	16.1	11.6		18.4	12
1990	13.8	14.2	17.7	20.6	23.2	23.4	21.1	20.4	19.9	18.3	16.8	14		18.6	12
1991	12.9	13.8	18.8	21.4	24.9	23.5	19.9	21.1	18.9	17	14.2	13.1		18.3	12
1992	11.2	12.1	16.3	17.6	20	23	21	20.1	19	16.9	16.8	15.6		17.5	12
1993	12.4	13.9	13.7	19.1	20.2	21.8	21.3	20.4	18.9	17.9	15.3	14		17.4	12
1994	10.4	14.6	16.4	18.4	22.1	21.3	21.1	19.5	18.3	17.6	17	14		17.6	12
1995	11.6	14.9	15.9	18.2	22.6	22.8	21.2	19.8	20	16.4	14.9	12.1		17.5	12
1996	11.3	14.4	14.8	17.8	21.2	21.8	21.9	20.2	19.4	16.2	13.4	11.8		17	12
1997	11	13.7	15.9	16.1	20	22.6	21.7	21.7	20.4	17.5	16.5	10.2		17.3	12
1998	11.7	12	15.5	19.8	23.3	24.2	22.7	21.2	19.5	19	16.8	13.9		18.3	12
2000	12.9	15.2	17.4	19.9	22.2	20.6	21.6							18.5	7
2001	12.6		14.9	21.4	20.5	21.3	21.9	21.4	20	17.4	14.2	12.2		18	11
2002	12.2	12.4	17	20.6	22.2	21.7	20.3	20.4	18.4	18.3	13.8	11.4		17.4	12
2003	11.8	14.2	15.6	19.4	22.5	22	19.6	19.2	18.8	16.1	15.4			17.7	11
2005				18	19.8	22.3	20.9			17.6				19.7	5
2006	11.7	11.7	16.6	20.2	20.2	20.7	19.4	18.8	18.4	16.4	13.4	11.2		16.6	12
2009	12.9	14.2	16.3	17.8	21	21.2	20.2	20.9	18.2	17.6	13.5	12		17.1	12
2010	9.8	10.8	13.7	18.1	20.8	22	19.4	20.7	19		12.8	10.9		16.2	11
2011	11.8	14.1	17.3	20	21.7	22.1	20.5	21	19.3	16.3	14.2	12.9		17.6	12
2012	12.1	13.4	16.6	20.6	22.8	23.2	21.1	20.2	18.2	17.5	14.9	12.8		17.8	12
2013	11.1	14.3	14.9	18.4	19.9	21.4	19.6	19.4	18	18	15.2	13.1		16.9	12
2014	10.4	15.7	16.7	19.4	20.4	22.1	20.4	20.8	19.9	19.4	13.5	13.2		17.7	12
2015	12.8	13.1	14.6	19	21.7	20.9	20.2	20.9	20.4	17.4	16.8	13.1		17.6	12
2016	9.7	13.7	15.6	19.3	21.7	21.4	22.4	21.3	19.4	17.8	15.2	15.1		17.7	12
2017	13.2	14.8	17	19.4	22.6	23.1	21.6	21.3	19.4	17.9	16.6	12.5		18.3	12
2018	12.3	15.2	18.4	20	22.2	22.1	21.3	21.6	19	17.3	14.9	12		18	12
2019	13.4	16.8	18.8	18.9	22.5	23.2	21.8	22.9	20.6	19.3	16.1	13.2		19	12
2020											16.8	12.5		14.7	2
2021	12.5	15.3	18.6	20.9	22	21.4	19.5	20.3	19.8	18.4	15.5	15.8		18.3	12
2022	12.8	14.3	16.8	20.8	22.9	22.4	22.1	21.5	19.2	17.4	16.8	14		18.4	12
MÍNIMA	9.7	10.8	12.3	16.1	17.2	19.6	19	18.7	18	14.8	10.8	10.2		12.4	2
MÁXIMA	14.6	16.8	19.1	22.5	24.9	25.1	23.8	22.9	22.4	20.1	17.9	15.8		19.7	12
MEDIA	12	13.7	16.4	19.5	21.6	22.3	21.2	20.8	19.7	17.8	15.3	13		17.7	11.2
DESV.ST	1.1	1.3	1.4	1.3	1.2	1.1	1.1	1	1	1.1	1.5	1.2		1.1	2.2
