COMISIÓN NACIONAL DEL AGUA
COORDINACIÓN GENERAL DEL SERVICIO METEOROLÓGICO NACIONAL
BASE DE DATOS CLIMATOLÓGICA NACIONAL 

ESTADÍSTICA MENSUAL
EMISIÓN   : 13/09/2024 

DATOS DISPONIBLES EN LA BASE DE DATOS A: SEPTIEMBRE DE 2024; 
CON LA INFORMACIÓN SUMINISTRADA POR LAS UNIDADES ADMINISTRATIVAS 

 ESTACIÓN  : 32004 
 NOMBRE    : CAMACHO (SMN) 
 ESTADO    : ZACATECAS 
 MUNICIPIO : MAZAPIL 
 SITUACIÓN : OPERANDO 
 CVE-OMM   :   
 LATITUD   : 24.44388889 ° 
 LONGITUD  : -102.3736111 ° 
 ALTITUD   : 1665 msnm 


LLUVIA MÁXIMA 24 H.
AÑO	ENE	FEB	MAR	ABR	MAY	JUN	JUL	AGO	SEP	OCT	NOV	DIC	ACUM	PROM	MESES
1940	9	22	0	0	0	41	10.3	5	35	11.5	0	0	133.8	11.2	12
1941												25	25	25	1
1942	0	5.1	0	0	7.5	7	45	5	12	28	0	0	109.6	9.1	12
1943	10	0	0	4.5	20	16.5	7.5	10.5	15.5	14.5	0	4.5	103.5	8.6	12
1944	8.5	5.5	8	0	9.5	7.5	8.5	15	26				88.5	9.8	9
1945	0	0	0	0	7.5	19.5	11	14.5	19.5	19.5	0	4.5	96	8	12
1946	5	0	1	15.5	6.5	10	17.5	20	8.5	9.5	20	0	113.5	9.5	12
1947	10.5	0	0	1	5	19	0	11	9	3	0	1	59.5	5	12
1948	8	0	0	3	15	23	43	3	26	12	7	0	140	11.7	12
1949	0	0	0	0	2	7	9	9	3	13	0	70	113	9.4	12
1950					4	11	20	7	23				65	13	5
1951		0	3	15	2	20	20	7	24	13	6	0	110	10	11
1952	0	0	0	16	0	42	8	6	4	0	0	0	76	6.3	12
1953	0	0	0	0	0	5	9	20	60	19	0	28	141	11.8	12
1954	0	8	0	8	33	24	33	24	14	6	0	8	158	13.2	12
1955	3	0	0	0	3	7.5	42	24	4	13	8	0	104.5	8.7	12
1956	0	0	0	0	12	11	10	7	4	0	13	4	61	5.1	12
1957	0	19	0	0	27	8	0	23	24	24	4	0	129	10.8	12
1958	6	13	28	0	6	24	6	20	18	78	20	18	237	19.8	12
1959	9	17	0	24	9	22	12	24	14	24	0	0	155	12.9	12
1960	4	0	0	4	0	0	8	32	0	9	0	28	85	7.1	12
1961	11	0	0	5	0	9	9	7	25.5	3	1.5	0	71	5.9	12
1962	0	1	0	2.5	6	19	3	15	11	9	4	7	77.5	6.5	12
1963	0	0	0	6.5	8	17	24	12	28	74.2	8	12	189.7	15.8	12
1964	10	0	0	2	11	8	17	14.5	20	9	1	6	98.5	8.2	12
1965	0	3	0	8.5	0	18	7	45	23	2	25	19.5	151	12.6	12
1966	8	8.5	7.6	7	9	39	11.5	17	5	15	2	0	129.6	10.8	12
1967	10	0	18	0	35	20	40	26.5	22.5	7	0	1.5	180.5	15	12
1968	0	8	28	26.5	3	1	43	16.5	25	8.4	22	57	238.4	19.9	12
1969	3	0	0	0	5	11.5	12	16.5	16.5	20.5	0	60.4	145.4	12.1	12
1970	9	22	0	0	0	41	10.3	5	35	11	0	0	133.3	11.1	12
1971	2	0	0	0	7.5	25	2	62	10.5	15	0	6	130	10.8	12
1972	0	0	0	6	31								37	7.4	5
1991						4.5	20	4.1	19.9	8.6	0	9	66.1	9.4	7
1992	16	0	0	0	19	9	0		0	0	0		44	4.4	10
1993	0	0	0	0	18	3	0	12	18	4	11	0	66	5.5	12
1994	15	0	6	12	2		20	6.3	12.5	7.5	0	15.5	96.8	8.8	11
1995	9.5	0	0	0	3.5	2.1	20.3	10.2	10	0	4.3	7.2	67.1	5.6	12
1996	0	3.5	0	2	0	13.5	9.5	16	20	18.2	1.6	0	84.3	7	12
1997	8	0	5	0	0	0	29	3	13	26	2.5	4	90.5	7.5	12
1998	0		0	0	0	0	16		30	5	30	0	81	8.1	10
1999	0	0	0	0	0	25	17	9	0	0	0	0	51	4.2	12
2000	0	0.5	0	3.5	5	28	7	6	7	8.5	13.5	11	90	7.5	12
2001	4.5	0.5	9.5	22	10	12	20.5	14	14.5	20	3	0.8	131.3	10.9	12
2002	9.5	17	0.01	0	7.5	22	15	20.5	20	25	23	4	163.51	13.6	12
2003	2	8	0	0	3	22	18	21	20	20	0	0	114	9.5	12
2005	13	15	0	0	28	0	20	38	13	20		0	147	13.4	11
2006	3		0	0	13	30	12	35	25	16	0	20	154	14	11
2008	3	4	0	0	14	33	4	20	17		0	0	95	8.6	11
2009	0	0	0	0						11	10	0	21	3	7
2010	6	13	0	0	0	3	19	12	20	0	0	0	73	6.1	12
2011	0	0	0					13	2	7	0		22	3.1	7
2012	11	11	0	0	2	4	20	20	23	20	0	6	117	9.8	12
2013	6	0	0	0	18	30	20	15	28	5	6.2	17.2	145.4	12.1	12
2014	5.8	0	8	0	20.1	20.3	20	20	14.5	3	17		128.7	11.7	11
2015	4	30	30	7.5	2.5	34	40	20	12	27	14	0	221	18.4	12
2016	4	0	10	0	16	13	20	17	11		25	0	116	10.5	11
2017	0	0		14	10	1	3	30	13	8	0	20	99	9	11
2018	2	14	0	14	2	18		30	20	30	4	2	136	12.4	11
2019	5	3	6	0	0	19	30						63	9	7
2020	20	0	0	1	1	20	0			0	0	3	45	4.5	10
2021	0	0	0	0	12	37	20	30			0	8	107	10.7	10
2022	0	0	0	7	1	5	8	30	23	32			106	10.6	10
MÍNIMA	0	0	0	0	0	0	0	3	0	0	0	0	21	3	1
MÁXIMA	20	30	30	26.5	35	42	45	62	60	78	30	70	238.4	25	12
MEDIA	4.6	4.3	2.8	4	8.3	16.2	16	17.4	17.1	14.4	5.5	8.9	108.4	10	10.9
DESV.ST	5	7.2	6.9	6.6	9.1	11.7	11.8	11.2	10.4	14.9	8.2	15.2	47.7	4.1	2.1

LLUVIA TOTAL MENSUAL
AÑO	ENE	FEB	MAR	ABR	MAY	JUN	JUL	AGO	SEP	OCT	NOV	DIC	ACUM	PROM	MESES
1940	13	42	0	0	0	98	32.9	15	82.8	21.5	0	0	305.2	25.4	12
1941												33.5	33.5	33.5	1
1942	0	7.2	0	0	16	19.5	87	18	61.5	39.5	0	0	248.7	20.7	12
1943	27	0	0	4.5	28	42.5	17.5	24	55.5	26	0	10	235	19.6	12
1944	13.5	5.5	18.5	0	17.5	7.5	36.5	36	92				227	25.2	9
1945	0	0	0	0	7.5	66.5	22	39	24.5	33.5	0	4.5	197.5	16.5	12
1946	8	0	1	28.5	6.5	44.5	44	32.5	29	14	33.5	0	241.5	20.1	12
1947	11.5	0	0	1	6	72.5	0	64	23	6	0	1	185	15.4	12
1948	13	0	0	5	27	91	66	3	74	33	11	0	323	26.9	12
1949	0	0	0	0	6	21	26	30	5	25	0	70	183	15.2	12
1950					10.5	23	50	18	30				131.5	26.3	5
1951		0	5	17	2	22	29	17	37	16	6	0	151	13.7	11
1952	0	0	0	19	0	81	16	10	4	0	0	0	130	10.8	12
1953	0	0	0	0	0	9	9	102	111	55	0	28	314	26.2	12
1954	0	8	0	8	53	40	110	71	14	6	0	8	318	26.5	12
1955	3	0	0	0	5	18.5	136	67	4	13	8	0	254.5	21.2	12
1956	0	0	0	0	19.5	19.5	27.5	19	6	0	26	5	122.5	10.2	12
1957	0	25	0	0	43	8	0	83	91.5	43	4	0	297.5	24.8	12
1958	10	13	28	0	6	52	14.5	74	82.5	150.5	49	57	536.5	44.7	12
1959	15	25	0	34	15	76	26	104	42	124	0	0	461	38.4	12
1960	4	0	0	4	0	0	15	155	0	15.6	0	37	230.6	19.2	12
1961	24.5	0	0	5	0	29.5	50	23.5	29	3	1.5	0	166	13.8	12
1962	0	1	0	4.5	6	31	3	21	32	17	4	26.5	146	12.2	12
1963	0	0	0	10.5	15	62.5	49	34	76	110.2	15	21	393.2	32.8	12
1964	29	0	0	2	23	24	33	21.5	52.5	21	1	9	216	18	12
1965	0	3	0	15.6	0	33	34.5	93	91	3	26	34.5	333.6	27.8	12
1966	15	10.5	14.6	12	30	48.5	31.5	74.5	26	18.5	2	0	283.1	23.6	12
1967	29	0	25	0	40	36.5	65.5	90	40.5	29	0	1.5	357	29.8	12
1968	0	21	40.5	32	5	1	77.5	68	127.2	8.4	22	76.5	479.1	39.9	12
1969	4.5	0	0	0	9	33	25	54.5	49	25.5	0	92.1	292.6	24.4	12
1970	13	42	0	0	0	97	28.4	15	86	21	0	0	302.4	25.2	12
1971	2	0	0	0	14.9	77.5	5	126	21.5	48	0	6	300.9	25.1	12
1972	0	0	0	6	65								71	14.2	5
1991						13.2	115	6.2	84.5	18.1	0	24.5	261.5	37.4	7
1992	78	0	0	0	31	14	0		0	0	0		123	12.3	10
1993	0	0	0	0	21	3	0	12	47	4	19	0	106	8.8	12
1994	17	0	9	16	2		66.9	17.8	42.4	14.5	0	25	210.6	19.1	11
1995	9.5	0	0	0	3.5	2.1	37.8	26.2	28	0	4.3	15.2	126.6	10.5	12
1996	0	3.5	0	2	0	17	23.2	34.7	25.2	45.7	1.6	0	152.9	12.7	12
1997	12	0	11.5	0	0	0	73.7	3	26	40	3.7	4	173.9	14.5	12
1998	0		0	0	0	0	54		31	5	30	0	120	12	10
1999	0	0	0	0	0	132	68	9	0	0	0	0	209	17.4	12
2000	0	0.5	0	3.5	13.5	92.5	20.5	25	19	28	20.5	17.5	240.5	20	12
2001	4.5	1	17	23.6	17	20	48.5	41	30	24.5	6	2.1	235.2	19.6	12
2002	9.5	25.5	0.01	0	22	62	15	48.5	60	54	31	4	331.51	27.6	12
2003	4	12	0	0	5	69	75	132	49	51	0	0	397	33.1	12
2005	13	57	0	0	46	0	61	136	46	89		0	448	40.7	11
2006	5		0	0	58	82	25	101	201	45	0	30	547	49.7	11
2008	3	4	0	0	43	43	14	84	67		0	0	258	23.5	11
2009	0	0	0	0						19	15	0	34	4.9	7
2010	9	18	0	0	0	7.9	86	15	75	0	0	0	210.9	17.6	12
2011	0	0	0					44	2	7	0		53	7.6	7
2012	11	44	0	0	2	6	28	39	57	29	0	7	223	18.6	12
2013	13	0	0	0	30	55	73	44	117	11	35.8	46.8	425.6	35.5	12
2014	15	0	12	0	26.5	51.3	50.8	35	57.1	5.9	38		291.6	26.5	11
2015	6.2	47.4	95	16	5.7	95	100	63	43	89	14	0	574.3	47.9	12
2016	9	0	16	0	42	19	51	119	28		42	0	326	29.6	11
2017	0	0		18	25	2	9	79	61	26	0	63	283	25.7	11
2018	3	15	0	32	2	65.8		50	117	80	4	2	370.8	33.7	11
2019	9	3	6	0	0	41	39						98	14	7
2020	41	0	0	2	1	53	0			0	0	3	100	10	10
2021	0	0	0	0	21	69	90	73			0	8	261	26.1	10
2022	0	0	0	13	1	5	16	98	36	47			216	21.6	10
MÍNIMA	0	0	0	0	0	0	0	3	0	0	0	0	33.5	4.9	1
MÁXIMA	78	57	95	34	65	132	136	155	201	150.5	49	92.1	574.3	49.7	12
MEDIA	8.6	7.5	5.1	5.7	15.2	39.7	41.5	52.5	50	30.2	8.5	14.1	252	22.9	10.9
DESV.ST	12.8	14	14.4	9.3	16.7	32.4	32	38.5	38.3	32.4	13.1	22.2	123.6	10.1	2.1

EVAPORACIÓN MENSUAL
AÑO	ENE	FEB	MAR	ABR	MAY	JUN	JUL	AGO	SEP	OCT	NOV	DIC	ACUM	PROM	MESES
2006			196.15										196.15	196.2	1
MÍNIMA			196.15										196.15	196.2	1
MÁXIMA			196.15										196.15	196.2	1
MEDIA			196.2										196.2	196.2	1
DESV.ST															

TEMPERATURA MÁXIMA PROMEDIO
AÑO	ENE	FEB	MAR	ABR	MAY	JUN	JUL	AGO	SEP	OCT	NOV	DIC	ACUM	PROM	MESES
1940	20.5	22.3	25.8	32	32.4	31.5	31	32.7	30.4	29.3	26.2	26.9		28.4	12
1962											23.7	21		22.4	2
1963	21.4	23.3	28.5	32.2	27	31.4	32.4	32.2	30.5	28	27.2	20.8		27.9	12
1964	19.9	22.9	26.6	32.5	27.2	30.6	29.5	32.9	31.5	29.2	27.5	24.3		27.9	12
1965	23.5	23.9	28.6	31.5	33.1	35.6	33.6	32.9	32.4	28	28.3	21.8		29.4	12
1966	20	21.4	27.8	30.2	32.6	34.8	33.7	32.5	31.2	29.4	26.9	20.3		28.4	12
1967	19	24.7	28.5	34.3	33.4	34.4	32.6	31.7	29.3	27.3	24.2	23.9		28.6	12
1968	24.7	24.5	25.3	31.1	33.4	35.7	33.6	32.8	29.2	30.1	27.1	22.6		29.2	12
1969	23.1	25.4	26.5	33.9	34.1	36	34	33.7	31.7	31.1	27.1	19.7		29.7	12
1970	20.8	22.3	25.8	31.6	32.4	31.5	31.2	32.7	30.6	29.3	26.3	26.9		28.4	12
1971	23.6	26.5	29.8	31.8	33.8	31.5	32.3	28.5	29.8	29.3	27.6	25.1		29.1	12
1972	23.2	25	28.7	33.8	34.6									29.1	5
1991									23.2	25.9		18.7		22.6	3
1992	18.8	18	20.1	19					30	25.5	22.9			22	7
1993						29.6	33.2	31.5	28.6	29	24.5	22.5		28.4	7
1994	21.1	23.3	25.5	29	33.7		32.7	29	26	23.9	23.6	22.1		26.4	11
1995	22.3	25.3	27.8	30.9	34.9	34.5	32.3	33.6	31.3	29.1	25.5	22.7		29.2	12
1996	23.3	26.6	25.6	29.8	35.2	33.2	33.5	32.8	32.1	27.1	25.4	22.4		28.9	12
1997	22	24.6	25.4	27.1	31	33.1	30.8	31.2	28.2	26.9	24.6	20.3		27.1	12
1998	21		25.4	31.6	34.2	31.7	32.1		27.5	28.5	23.9	22.8		27.9	10
1999	20.9	24.9	24.9	30.1	31.2	31.3	30.3	30.6	29.9	25.4	22.4	19.2		26.8	12
2000	22.3	24	26.9	29.4	31	28.4	30.6	28.9	29.1	25.5	23.6	20.7		26.7	12
2001	20.6	23.8	23.7	30.3	29.2	30.2	30.5	29.7	27.7	25.6	22.2	19.8		26.1	12
2002	19.5	20.4	26.5	29.7	31.6	30	29.4	28.9	27.2	26.6	22.9	20.5		26.1	12
2003	20.7	21.3	24.9	25.6	33.3	31.5	26.6	26.2	26	25	23.8	19.9		25.4	12
2005	21.9	18.4	22	26.3	30.3	31.9	29.5	28.7	28.5	26.2	23.3	20.5		25.6	12
2006	20.9		25	27.3	27.3	30	24.5	27.9	24.8	25.4	21.5	19.2		24.9	11
2008	20.2	23.1	22.9	28.7	28.5	30.4	25.4	25.8	23.8		22.5	21		24.8	11
2009	20.6	23.4	25.3	27.3						23.5	20.5	17.1		22.5	7
2010	16.9	17.5	21.5	23.2	31.2	30.4	21.3	21.9	26.9	23.7	19.6	11.7		22.1	12
2011	12	12.6	13.1					21.2	25.3	27.2	22.5			19.1	7
2012	17.2	18.2	25.4	28.8	29.6	30.2	28.3	27.5	26.3	25.2	22	20.3		24.9	12
2013	18.6	22.7	25.2	31.2	32	33	29.2	29.7	26.9	28.5	21.2	19.2		26.4	12
2014	17.5	24.9	25.7	29.6	29.8	30.8	30.4	30.1	27.1	27.2	19.4			26.6	11
2015	15.9	21.4	21.1	26.9	31.1	30.8	31.1	32.1	30.3	26	25.7	20		26	12
2016	18	24	24.1	30.8	32.7	32.2	32.9	30.3	29.4		22.3	23.6		27.3	11
2017	20.5	23.1		31.3	34.3	35.5	31	31	28.4	28.7	26.4	17.3		28	11
2018	20.5	24.7	30.3	31.3	34.5	31.9		33.4	27	25.5	23.4	18.7		27.4	11
2019	20.9	25.6	28.8	29.9	34.5	31.1	31.7							28.9	7
2020	20.2	23	28.4	33.7	34	33.8	33.5			27.3	26.4	19.4		28	10
2021	16.5	24.2	28.7	31.9	32.5	32.1	30.9	31.2			26	24.7		27.9	10
2022	21.7	22.9	28.5	33	35.3	33.8	34.1	32.1	29	25.7				29.6	10
MÍNIMA	12	12.6	13.1	19	27	28.4	21.3	21.2	23.2	23.5	19.4	11.7		19.1	2
MÁXIMA	24.7	26.6	30.3	34.3	35.3	36	34.1	33.7	32.4	31.1	28.3	26.9		29.7	12
MEDIA	20.3	22.8	25.6	30	32.1	32.1	30.8	30.2	28.5	27.1	24.2	21		26.7	10.4
DESV.ST	2.5	2.8	3.2	3.1	2.3	2	2.9	3	2.3	1.9	2.3	2.9		2.5	2.6

TEMPERATURA MÁXIMA EXTREMA
AÑO	ENE	FEB	MAR	ABR	MAY	JUN	JUL	AGO	SEP	OCT	NOV	DIC	ACUM	PROM	MESES
1940	28	28	32	37	36	36	35	35	36	35	31	30		33.2	12
1962											29	27		28	2
1963	28	29	34	37	37	38	36	35	34	39	30	26		33.6	12
1964	32	31	32	35	38	37	36	37	34	36	33	29		34.2	12
1965	26	28	34	35	39	38	38	38	37	35	34	29		34.2	12
1966	29	26	37	35	38	38	37	36	34	33	30	29		33.5	12
1967	36	31	36	38	39	37	36	36	34	31	32	36		35.2	12
1968	28	29	34	36	37	38	38	37	37	33	32	29		34	12
1969	28	29	36	39	38	39	37	39	37	37	33	29		35.1	12
1970	28	28	32	37	36	36	39	35	36	35	31	30		33.6	12
1971	29	31	35	39	37	39	36	33	33	32	32	27		33.6	12
1972	27	31	32	39	38									33.4	5
1991									25	35		29		29.7	3
1992	25	25	27	25					34	30	30			28	7
1993						35	36	35	32	33	29	27		32.4	7
1994	26	27	31	33	36		35	33	29	29	27	28		30.4	11
1995	27	28	34	35	39	39	35	37	34	33	31	30		33.5	12
1996	29	32	31	35	39	36	36	37	35	33	33	28		33.7	12
1997	27	28	30	33	36	36	36	33	32	32	29	27		31.6	12
1998	27		36	37	38	36	36		32	34	29	27		33.2	10
1999	26	29	29	36	36	36	33	34	31	30	26	28		31.2	12
2000	27.5	29	31	34	35	32	32	31	32	30	27.5	24.5		30.5	12
2001	24.5	28	29	35	34	33	33	31	32	30	25	24.5		29.9	12
2002	27	26	32	35	35	34	34	32	34	29	28	26		31	12
2003	26	28	30	32	37	35	32	32	32	31	28	23		30.5	12
2005	26	26	30	32	33	35	33	32	30	30	27	24		29.8	12
2006	25		30	33	34	33	30	31	28	27	25	24		29.1	11
2008	26	28	28	33	32	34	30	31	28		25	26		29.2	11
2009	27	29	30	33						33	25	25		28.9	7
2010	25	22	29	31	36	34	31	31	30	27	28	15		28.2	12
2011	16	15	18					34	34	33	29			25.6	7
2012	28	29	31	38	38	39	33	33	32	31	28	26		32.2	12
2013	27	29	33	37	37	37	36	34	32	39	28	29		33.2	12
2014	26	30	30	33	36	36	34	33	33	31	27			31.7	11
2015	26	27	27	31	34	36	34	35	34	32	31	29		31.3	12
2016	26	32	32	34	36	36	36	35	33		30	28		32.5	11
2017	27	30		34	38	38	36	37	35	34	33	27		33.5	11
2018	24	31	34	36	43	43		39	32	30	30	27		33.5	11
2019	27	30	34	34	39	37	35							33.7	7
2020	26	32	39	37	37	37	34			34	33	26		33.5	10
2021	25	31	33	35	37	37	35	33			29	28		32.3	10
2022	27	30	35	35	38	37	37	35	31	30				33.5	10
MÍNIMA	16	15	18	25	32	32	30	31	25	27	25	15		25.6	2
MÁXIMA	36	32	39	39	43	43	39	39	37	39	34	36		35.2	12
MEDIA	26.8	28.4	31.8	34.8	36.8	36.5	34.9	34.4	32.7	32.4	29.4	27.1		31.9	10.4
DESV.ST	2.7	3.1	3.6	2.7	2	2.1	2.2	2.4	2.6	2.9	2.5	3.1		2.2	2.6

TEMPERATURA MÍNIMA PROMEDIO
AÑO	ENE	FEB	MAR	ABR	MAY	JUN	JUL	AGO	SEP	OCT	NOV	DIC	ACUM	PROM	MESES
1940	3.3	5	7.2	10.9	12.7	15.3	14.8	15.3	14.2	10.4	3.9	3.7		9.7	12
1962											5	6		5.5	2
1963	2.7	3.3	5.5	13.2	10.7	12.3	13.2	11	11.3	10.3	9.5	6.8		9.2	12
1964	2	1.6	6.7	11.3	11.2	13.3	12.7	14.5	14.9	11	7.6	4.8		9.3	12
1965	3.2	3	5.5	11.2	12.8	15.9	13.7	14.3	14.8	9.4	8.2	6.2		9.8	12
1966	4.8	3.6	7.9	10.2	12.6	14.5	16	14.8	15	12.3	4.3	1.7		9.8	12
1967	1.3	4.5	8.5	11.8	14	15.5	15.6	15.2	14.3	10.1	7.9	3.6		10.2	12
1968	5.5	4.8	7.1	11	12.7	15.2	14.7	14.9	14.2	12.3	7.9	5.3		10.5	12
1969	5.7	8.6	7.3	11	12	15.3	16.5	16.2	14.8	12.7	7.9	4		11	12
1970	3.3	5.1	7.2	10.9	12.7	15	14.9	15.5	14.3	10.4	4	3.7		9.8	12
1971	5.2	2.4	6.6	9.7	14.1	16	14.5	14.4	14.3	13.7	8.3	6		10.4	12
1972	4.2	5.4	7.9	10.6	13.6									8.3	5
1991									10.6	12.2		5.1		9.3	3
1992	4.9	6.1	4.7	5.1					13.4	10.2	9.6			7.7	7
1993						14	15.8	14.8	14.8	12	8.3	3.6		11.9	7
1994	7.8	7.2	9.4	11.4	14.9		16.2	14.9	13.2	10.5	8.7	9.6		11.3	11
1995	7.2	11.2	11.5	12.9	18.4	20.1	15.6	15.9	14.5	9	7.7	3.4		12.3	12
1996	0.2	6.5	6.1	7.7	14.9	15	15.2	14.3	13.8	8.8	4.8	0.9		9	12
1997	-2	4.2	6.8	9	12.2	15.4	15	14.3	15	9.6	7.5	1		9	12
1998	1		4.6	7.8	13	15.3	14.7		13.6	11.6	8.5	3.7		9.4	10
1999	0.5	5.2	6.7	10.6	10.8	15.6	13.7	14.5	13	8.5	2.9	0.1		8.5	12
2000	1	1.4	1.9	1.7	11.4	12.8	14	12.7	12.5	9.3	5.3	0.8		7.1	12
2001	0.8	2.3	3.6	11.6	12.3	13.7	14.5	13.8	12.6	8.1	4.5	2.7		8.4	12
2002	1.2	3.5	6.5	11.4	13.8	14.4	14.2	13.8	12.9	10.8	7.4	2		9.3	12
2003	2.8	4.1	4.7	5.1	13.3	14.9	13.6	12.3	12.6	8.8	6.6	-1.5		8.1	12
2005	0.9	4.5	3.8	6.6	9.5	13.5	13.6	12.8	12.5	10.3	3.9	2.8		7.9	12
2006	-1.9		5.6	8.7	13	13	12.5	13.2	12.4	10.1	4.3	2.6		8.5	11
2008	1.5	3.1	4.8	9.2	12.2	13.5	13.1	13	12.4		5.4	1.8		8.2	11
2009	2.6	3.3	6.4	8.3						9.1	4.2	3.1		5.3	7
2010	0.9	2.6	4.5	7.2	12.5	14.8	13.9	11.6	13.1	7.3	9.6	5		8.6	12
2011	3.4	3.6	7.5					13.3	12.6	8.5	4.1			7.6	7
2012	1.2	3.7	6.2	9.4	12.6	14.9	14.5	14.4	12.8	10.1	6.4	2.5		9.1	12
2013	1.7	3.2	3.6	8	11.6	15.4	14.5	14.1	13.2	10.3	6.3	2.4		8.7	12
2014	-1.1	3.7	5.5	9.1	11.6	15.3	14.8	14.8	12.7	9.5	3.1			9	11
2015	2.5	3.5	4.7	10	12	14.5	14.3	13.2	12.9	10.3	8.1	1.3		8.9	12
2016	-3	1.1	5.1	7.8	12.7	13.2	15	14.1	13.5		6	2.7		8	11
2017	1.8	1.1		8.7	12.7	15.6	13.9	14.6	13	9.5	4.5	1.6		8.8	11
2018	2.5	7	8.8	11	15.2	15.5		15.9	14.6	10.2	3.2	2.2		9.6	11
2019	2.7	4.7	7.5	12.5	12.1	15.6	15.5							10.1	7
2020	3	3.8	9.2	10.1	11.9	16.1	15.5			9.7	6.2	2.1		8.8	10
2021	3	3	6.5	10	13.3	14.4	15.4	14.5			4.6	3		8.8	10
2022	1.1	2.2	3.2	8.9	13.1	15.4	15.4	14.8	12.3	6.9				9.3	10
MÍNIMA	-3	1.1	1.9	1.7	9.5	12.3	12.5	11	10.6	6.9	2.9	-1.5		5.3	2
MÁXIMA	7.8	11.2	11.5	13.2	18.4	20.1	16.5	16.2	15	13.7	9.6	9.6		12.3	12
MEDIA	2.3	4.1	6.2	9.5	12.8	14.9	14.6	14.2	13.4	10.1	6.2	3.2		9	10.4
DESV.ST	2.3	2.1	1.9	2.3	1.5	1.3	1	1.2	1.1	1.5	2	2.1		1.4	2.6

TEMPERATURA MÍNIMA EXTREMA
AÑO	ENE	FEB	MAR	ABR	MAY	JUN	JUL	AGO	SEP	OCT	NOV	DIC	ACUM	PROM	MESES
1940	-2	0	2	6	7	11	10	11	9	3	-8	0		4.1	12
1962											1	2		1.5	2
1963	-3	0	1	8	8	8	10	7	9	8	5	1		5.2	12
1964	-8	-9	1	5	7	8	8	8	10	5	2	-1		3	12
1965	-5	-3	-4	8	9	13	10	10	13	1	3	-5		4.2	12
1966	-4	-1	3	4	6	8	10	11	10	3	-1	-7		3.5	12
1967	-8	-5	2	8	10	10	10	9	11	2	2	-9		3.5	12
1968	-5	-2	-3	6	10	12	13	12	12	5	1	-5		4.7	12
1969	0	2	-9	4	8	5	14	14	9	8	-1	-6		4	12
1970	-2	0	2	6	7	11	10	12	9	3	-8	0		4.2	12
1971	0	-4	-2	7	5	11	4	13	13	10	2	0		4.9	12
1972	0	1	1	1	2									1	5
1991									8	5		2		5	3
1992	1	2	1	2					5	3	4			2.6	7
1993						8	13	7	10	5	3	-5		5.9	7
1994	4	-8	-6	7	10		14	12	10	5	5	5		5.3	11
1995	4	5	6	7	12	15	13	13	12	5	3	-6		7.4	12
1996	-8	2	1	2	11	12	13	11	10	4	-5	-5		4	12
1997	-5	-3	-4	0	9	10	12	9	10	6	4	-8		3.3	12
1998	-4		2	3	9	11	10		11	7	5	-3		5.1	10
1999	-4	1	2	5	7	13	11	10	6	1	-2	-7		3.6	12
2000	-2	-1	0	0	10	6.5	11	11	6	5	-3	-5		3.2	12
2001	-5	-5	-3	6	9	11	12	12	7.5	0.5	-2.5	-7		3	12
2002	-8	-1	0	6	10	12	12	11	9	7	3	-3		4.8	12
2003	-3	1	1	1	10	12	11	10	10	3	2	-7		4.2	12
2005	-4	1	1	3	5	11	11	11	10	6	-4	0		4.2	12
2006	-10		1	5	9	11	10	11	9	5	-1	-4		4.2	11
2008	-4	0	1	5	9	11	10	11	7		-4	-4		3.8	11
2009	-3	1	1	6						2	2	-1		1.1	7
2010	-2	0	0	3	6	13	12	7	7	6	5	3		5	12
2011	0	-3	5					9	6	4	-10			1.6	7
2012	-4	-3	-4	6	8	13	11	12	7	4	2	-3		4.1	12
2013	-11	-4	0	4	5	13	12	12	10	5	0.1	-3		3.6	12
2014	-7	-2	-3	1	3	12	12	12	9	5	-10			2.9	11
2015	-1	-1	-2	7	7	11	11	10	8	3	0	-10		3.6	12
2016	-8	-7	-6	1	6	5	12	11	9		1	-4		1.8	11
2017	-5	-5		0	9	12	10	12	7	2	-1	-10		2.8	11
2018	-7	2	5	6	11	14		13	13	7	-16	-3		4.1	11
2019	0	0	3	6	7	1	13							4.3	7
2020	-6	-5	0	1	3	13	15			3	2	-5		2.1	10
2021	0	0	3	5	5	10	10	12			1	0		4.6	10
2022	0	0	0	4	7	9	14	14	7	1				5.6	10
MÍNIMA	-11	-9	-9	0	2	1	4	7	5	0.5	-16	-10		1	2
MÁXIMA	4	5	6	8	12	15	15	14	13	10	5	5		7.4	12
MEDIA	-3.6	-1.5	0	4.3	7.7	10.5	11.3	10.9	9.1	4.4	-0.5	-3.4		3.8	10.4
DESV.ST	3.5	3.1	3.2	2.5	2.4	2.9	2	1.8	2.1	2.2	4.8	3.7		1.3	2.6

TEMPERATURA MEDIA MENSUAL
AÑO	ENE	FEB	MAR	ABR	MAY	JUN	JUL	AGO	SEP	OCT	NOV	DIC	ACUM	PROM	MESES
1940	11.9	13.7	16.5	21.4	22.5	23.4	22.9	24	22.3	19.9	15	15.3		19.1	12
1962											14.3	13.5		13.9	2
1963	12	13.3	17	22.7	18.9	21.9	22.8	21.6	20.9	19.1	18.4	13.8		18.5	12
1964	10.9	12.2	16.7	21.9	19.2	22	21.1	23.7	23.2	20.1	17.6	14.6		18.6	12
1965	13.3	13.4	17	21.4	23	25.8	23.6	23.6	23.6	18.7	18.2	14		19.6	12
1966	12.4	12.5	17.9	20.2	22.6	24.6	24.9	23.6	23.1	20.9	15.6	11		19.1	12
1967	10.2	14.6	18.5	23	23.7	25	24.1	23.4	21.8	18.7	16	13.8		19.4	12
1968	15.1	14.7	16.2	21	23	25.5	24.1	23.8	21.7	21.2	17.5	14		19.8	12
1969	14.4	17	16.9	22.4	23	25.6	25.2	25	23.2	21.9	17.5	11.8		20.3	12
1970	12.1	13.7	16.5	21.2	22.5	23.2	23	24.1	22.5	19.9	15.2	15.3		19.1	12
1971	14.4	14.4	18.2	20.8	24	23.8	23.4	21.4	22	21.5	18	15.6		19.8	12
1972	13.7	15.2	18.3	22.2	24.1									18.7	5
1991									16.9	19		11.9		15.9	3
1992	11.9	12.1	12.4	12.1					21.7	17.9	16.2			14.9	7
1993						21.8	24.5	23.1	21.7	20.5	16.4	13.1		20.2	7
1994	14.5	15.2	17.4	20.2	24.3		24.5	22	19.6	17.2	16.1	15.9		18.8	11
1995	14.8	18.2	19.6	21.9	26.6	27.3	24	24.8	22.9	19	16.6	13		20.7	12
1996	11.8	16.6	15.9	18.8	25	24.1	24.4	23.5	23	18	15.1	11.6		19	12
1997	10	14.4	16.1	18	21.6	24.2	22.9	22.8	21.6	18.2	16	10.7		18	12
1998	11		15	19.7	23.6	23.5	23.4		20.6	20	16.2	13.2		18.6	10
1999	10.7	15	15.8	20.4	21	23.4	22	22.6	21.4	17	12.6	9.7		17.6	12
2000	11.7	12.7	14.4	15.5	21.2	20.6	22.3	20.8	20.8	17.4	14.5	10.8		16.9	12
2001	10.7	13.1	13.7	21	20.8	22	22.5	21.8	20.1	16.9	13.3	11.2		17.3	12
2002	10.3	11.9	16.5	20.6	22.7	22.2	21.8	21.4	20	18.7	15.1	11.2		17.7	12
2003	11.8	12.7	14.8	15.4	23.3	23.2	20.1	19.2	19.3	16.9	15.2	9.2		16.8	12
2005	11.4	11.4	12.9	16.4	19.9	22.7	21.6	20.8	20.5	18.2	13.6	11.7		16.8	12
2006	9.5		15.3	18	20.1	21.5	18.5	20.5	18.6	17.8	12.9	10.9		16.7	11
2008	10.8	13.1	13.8	19	20.4	22	19.2	19.4	18.1		13.9	11.4		16.5	11
2009	11.6	13.3	15.9	17.8						16.3	12.3	10.1		13.9	7
2010	8.9	10.1	13	15.2	21.9	22.6	17.6	16.8	20	15.5	14.6	8.3		15.4	12
2011	7.7	8.1	10.3					17.2	19	17.9	13.3			13.4	7
2012	9.2	10.9	15.8	19.1	21.1	22.6	21.4	21	19.6	17.6	14.2	11.4		17	12
2013	10.2	12.9	14.4	19.6	21.8	24.2	21.9	21.9	20	19.4	13.8	10.8		17.6	12
2014	8.2	14.3	15.6	19.4	20.7	23	22.6	22.5	19.9	18.4	11.2			17.8	11
2015	9.2	12.4	12.9	18.4	21.6	22.6	22.7	22.6	21.6	18.1	16.9	10.7		17.5	12
2016	7.5	12.6	14.6	19.3	22.7	22.7	24	22.2	21.4		14.2	13.2		17.7	11
2017	11.2	12.1		20	23.5	25.6	22.4	22.8	20.7	19.1	15.4	9.5		18.4	11
2018	11.5	15.8	19.6	21.1	24.9	23.7		24.6	20.8	17.9	13.3	10.4		18.5	11
2019	11.8	15.2	18.1	21.2	23.3	23.4	23.6							19.5	7
2020	11.6	13.4	18.8	21.9	23	25	24.5			18.5	16.3	10.8		18.4	10
2021	9.8	13.6	17.6	21	22.9	23.2	23.1	22.9			15.3	13.8		18.3	10
2022	11.4	12.5	15.8	21	24.2	24.6	24.8	23.5	20.6	16.3				19.5	10
MÍNIMA	7.5	8.1	10.3	12.1	18.9	20.6	17.6	16.8	16.9	15.5	11.2	8.3		13.4	2
MÁXIMA	15.1	18.2	19.6	23	26.6	27.3	25.2	25	23.6	21.9	18.4	15.9		20.7	12
MEDIA	11.3	13.5	15.9	19.7	22.5	23.5	22.7	22.2	21	18.6	15.2	12.1		17.9	10.4
DESV.ST	1.9	1.9	2.1	2.4	1.7	1.5	1.8	1.9	1.5	1.5	1.7	1.9		1.8	2.6
