COMISIÓN NACIONAL DEL AGUA
COORDINACIÓN GENERAL DEL SERVICIO METEOROLÓGICO NACIONAL
BASE DE DATOS CLIMATOLÓGICA NACIONAL 

ESTADÍSTICA MENSUAL
EMISIÓN   : 13/09/2024 

DATOS DISPONIBLES EN LA BASE DE DATOS A: SEPTIEMBRE DE 2024; 
CON LA INFORMACIÓN SUMINISTRADA POR LAS UNIDADES ADMINISTRATIVAS 

 ESTACIÓN  : 32005 
 NOMBRE    : CAÑITAS DE FELIPE PESCADOR 
 ESTADO    : ZACATECAS 
 MUNICIPIO : CAÑITAS DE FELIPE PESCADOR 
 SITUACIÓN : OPERANDO 
 CVE-OMM   :   
 LATITUD   : 23.60222222 ° 
 LONGITUD  : -102.7338889 ° 
 ALTITUD   : 2046 msnm 


LLUVIA MÁXIMA 24 H.
AÑO	ENE	FEB	MAR	ABR	MAY	JUN	JUL	AGO	SEP	OCT	NOV	DIC	ACUM	PROM	MESES
1941												21	21	21	1
1942	3	2.5	0	0	13	17	41	24.5	34	39.5	10.5	0	185	15.4	12
1943	7.5	0	0.01	6.1	2.6	49.1	24.5	20	42	7	0	13.1	171.91	14.3	12
1944	2	14.5	6.5	0	6	6.5	48	33.5	21.5	10.5	20	1	170	14.2	12
1945	17	7	7	2	13.5	13	10.5	35.5	36.5	13.7	0.5	2	158.2	13.2	12
1946	2.2	1.5	2	17.9	4.1	22.5	25	18.5	10.5	22	18	29.5	173.7	14.5	12
1947	7.5	0	0	7.5	20	58.1	4.2	30.3	18	4.2	3.5	0	153.3	12.8	12
1948	38	2.5	2	19.5	23.5	26.5	35.5	18.5	25	28	4.5	4	227.5	19	12
1949	2.1	2.5	0	0	2	38	21.5	20	22.1	16	0	0	124.2	10.3	12
1950	1.1	0	10	0	87	15	16.5	22	45	4.5	0	0	201.1	16.8	12
1951	0	0	5.5	0	0.5	35	20	11.1	34	21	3.5	0	130.6	10.9	12
1952	0	0	0	4	0	45	6	5	15	0	15	2.5	92.5	7.7	12
1953	0	19	8	0	2	4	35	65	86.5	11	20	17	267.5	22.3	12
1954	15	5	0	1	5.1	12.5	5	15	8	60	0	4	130.6	10.9	12
1955	3	0	0	0	1	15	53	30	14.5	20	0	0	136.5	11.4	12
1956	0	0	0	0	18	21	30	9	5.5	6	7	2.5	99	8.2	12
1957	4	14	0	0	4	1.5	1	15	23	12	0	8	82.5	6.9	12
1958	0.5	4	37	0	5.5	25	20	24	22	24	10	23	195	16.2	12
1959	11	17	0	32	3	21.5	45	25	10	30	17	3	214.5	17.9	12
1960	1	0.5	0	0.01	20	6	6	70	15	11.5	0	6	136.01	11.3	12
1961	10	0	0.5	3	20	8	20	23	22	8	0	0	114.5	9.5	12
1962	16	9.5	0	18	0	13.5	28.5	11	11.5	9.5	2	7	126.5	10.5	12
1963	0	0	0	20	70	15.5	18	22	17	6	0	26	194.5	16.2	12
1964	3	2	0	0	20	13	15.5	7	15.5	37.5	2.5	19.5	135.5	11.3	12
1965	1.5	1	0	51	8.5	42.5	35	43	42	5	4.5	34	268	22.3	12
1966	5	4	2	16	45	22	25	17.5	6	24	8	0	174.5	14.5	12
1967	0	4	22	1	14	4	41	57.5	16.5	23	3	8	194	16.2	12
1969	2	3.5	0	0	0	8	6	15.5	18.5	6	45	2	106.5	8.9	12
1970	3.5	14.5	0	0	0	41.4	12	32	40				143.4	15.9	9
1973										11	0	0	11	3.7	3
1974	0	0	0	0	3	11	16	9	11	12.5	0	12	74.5	6.2	12
1975	7	0	0	0	13	15.5	35	7	2	0	0	7	86.5	7.2	12
1976	0	0	0	0	0	14	36.5	5	18	4	17	20	114.5	9.5	12
1977	5	0	0	0	0	19	5.5	40	24	0	0	1	94.5	7.9	12
1978	0	1	9	0	16	15	37	27	25	21	0	3	154	12.8	12
1979	1	7	0	1	2.5	19.5	24	25	12	0	1.5	19	112.5	9.4	12
1980	4	6	0	5	0.5	5.5	14	20	7.5	9	8.5	11	91	7.6	12
1981	21	5	2.5	14	17	8.7	19	34	25	13	0	8	167.2	13.9	12
1982	0	0	0	0	16	5	29	11.7	17.5	17.5	5.6	17.2	119.5	10	12
1983	21.5	0	3	0	22	3	50	46	29	10	15	0	199.5	16.6	12
1984	10	0	0	0	17	13	28	60	0	7	0	9	144	12	12
1985	9	8	0	26	0	40	50	20	30	13	0	18	214	17.8	12
1986	0	0	0	0	13	15	20	19	15	14	1	3	100	8.3	12
1987		19		4	7	11	20	12	17		5	7	102	11.3	9
1988	0	0	0	14	3	11	43	28	20	3	0	1	123	10.2	12
1989		0	0	0	7	5	34	16	23	3	13	5	106	9.6	11
1990	7	0		3	8	25	23	35	2	31	5	0	139	12.6	11
1991	0	5	0	0	0.01	5	48	19	28	12	1.5	6	124.51	10.4	12
1992	27	0	1.5	1	19	5	25	6	49	13	11	2	159.5	13.3	12
1993	23	5	0	1		16	15	49	18	4	14	0.01	145.01	13.2	11
1994	5	0.01	12	12	10	31	22	13.5				2	107.51	11.9	9
1995	5	2	0	0	4	30	25	25	25	0.01			116.01	11.6	10
1996							10	67	67	70.2	5.2	0	219.4	36.6	6
1997	12.4	14.6	14	16	27.4	10	15	9.6	10.6	5.5	5.5	8	148.6	12.4	12
1998	0	1.4	0	0	0	43	10.5	36.5	12	0.8	14	0	118.2	9.8	12
1999	0	0	0	0	0	15.5	18	18	7.5	1.2	0	5.5	65.7	5.5	12
2000	0	0	0	0.8	19.5	25	68	8	11	4.3	0	6.5	143.1	11.9	12
2001	0	2	0	4.5	4	10	19.5	22.5	7.5	3.5	4.5	1.5	79.5	6.6	12
2002	12	22.5	0.3										34.8	11.6	3
2005	0.5	18.5	0	0	8	3	28	22	21	16	5	1.5	123.5	10.3	12
2006	29.5	0	0	0	14	6.5	40	20	22	16.5	0	18	166.5	13.9	12
2008	0	6	0	0	4.5	18	19	26.5	30	20	0	0	124	10.3	12
2009	0	0	2	5.05	2	27	9	31.5	25	11.5	0	4	117.05	9.8	12
2010	0	30	0			2	20	15	18.5	0	0	0	85.5	8.6	10
2011	0	0	0	0	7	4	13.9			10	2	0	36.9	3.7	10
2012		6.5	0	0		14	42	26			5.5		94	13.4	7
2013	16	0	0	0	5	9	40	22	54	12	7	38	203	16.9	12
2014	10	0	2	0	4	30	17	25	20	7	6	8	129	10.8	12
2015	9	19	48	6	4	44	13	30.7	34.6	29.3	5.7	0	243.3	20.3	12
2016	1.3	2.7	10.7	0	15.4	9.7	23.8	23.8	20.7	8.8	9.6	3.6	130.1	10.8	12
2017	0	0	8.7	1.2	4.5	38.3	30.7	22.3	38.2	2.3		39.8	186	16.9	11
2018	25	16.3	0	4.3	8.3	26	11	33	32	26.2	12.9	0.2	195.2	16.3	12
2019	3.8	8.3	1.3	0	0							33.6	47	7.8	6
2020	10.8	3.8	0.6	3.8	0.8	4.6	18.4	50.3	14.6	0	0	2.3	110	9.2	12
2021	1.8	0	0	3.8	6.8	26.6	52.2	23.8	26.4		0	2	143.4	13	11
2022	0	1.6	0	1.6	0.3	7			60	8	0	2	80.5	8.1	10
2023	0	0	0	7.3	7.9	2	17						34.2	4.9	7
2024	0	40	0	0	0	40	40	0					120	15	8
MÍNIMA	0	0	0	0	0	1.5	1	0	0	0	0	0	11	3.7	1
MÁXIMA	38	40	48	51	87	58.1	68	70	86.5	70.2	45	39.8	268	36.6	12
MEDIA	6	5.1	3	4.6	10.3	18.3	25.3	25.1	23.3	13.4	5.4	7.8	134.8	12.3	11
DESV.ST	8.3	7.8	7.9	8.8	14.5	13.5	14.1	15.1	15.5	13.1	7.6	10	53.8	4.9	2.3

LLUVIA TOTAL MENSUAL
AÑO	ENE	FEB	MAR	ABR	MAY	JUN	JUL	AGO	SEP	OCT	NOV	DIC	ACUM	PROM	MESES
1941												30	30	30	1
1942	4	3	0	0	13	29.5	72	89.5	118.8	56.8	18.6	0	405.2	33.8	12
1943	24.5	0	0.01	6.1	6	177.1	64.5	49	174.5	11	0	24.7	537.41	44.8	12
1944	4	22	18	0	14	25	96.5	155.5	73	10.5	35	1	454.5	37.9	12
1945	26.5	7	7	2	17	30.5	41	64.6	61.5	29.3	0.5	2	288.9	24.1	12
1946	2.2	1.5	3.2	35.4	5.6	81.2	67.5	49.9	33.2	27	26	37	369.7	30.8	12
1947	9.5	0	0	12	51	156.5	9.2	89.5	55.6	10.9	3.5	0	397.7	33.1	12
1948	46	4	2	19.5	26	68.5	129	58.7	82.1	57.5	6	7.6	506.9	42.2	12
1949	5.1	4.5	0	0	4	114	115.5	94.5	68.5	28.5	0	0	434.6	36.2	12
1950	1.1	0	13	0	110.6	40	80.5	98.5	87.5	8	0	0	439.2	36.6	12
1951	0	0	10	0	0.5	79	52	27.1	94.1	44.5	12.6	0	319.8	26.6	12
1952	0	0	0	4	0	105	12	16	40	0	25	4.5	206.5	17.2	12
1953	0	19	22	0	3	4	52	164	179	53.5	37	30	563.5	47	12
1954	15	10	0	1	7.2	14.5	19	65.5	8	101.7	0	7	248.9	20.7	12
1955	7	0	0	0	1	40.23	94.5	123.7	41.5	35	0	0	342.93	28.6	12
1956	0	0	0	0	42	47	77.6	56.21	11	13.5	13.5	4	264.81	22.1	12
1957	4	14.5	0	0	7.5	3.5	1	24.5	94.5	30	0	10.5	190	15.8	12
1958	0.7	4	37	0	13.5	93.5	55.5	143	51.14	69.5	52.5	63.6	583.94	48.7	12
1959	14	32	0	53	7.5	55	105	93.5	30	76	22	3.5	491.5	41	12
1960	1.5	0.5	0	0.01	31.5	13	27.5	175.5	33.5	26.5	0	16	325.51	27.1	12
1961	17.2	0	0.5	4	32	23	82	71.5	57.5	29	0	0	316.7	26.4	12
1962	18	9.5	0	20	0	33	48.5	25.5	54	24.5	2	15	250	20.8	12
1963	0	0	0	41	108	47	43.5	42	81.5	17	0	52.5	432.5	36	12
1964	7	2	0	0	72.5	27	46	41.5	90.5	77	4	20.5	388	32.3	12
1965	3	1	0	53.5	10.5	67.5	60	198.5	110	6	7	61	578	48.2	12
1966	15.5	4	3	18.5	69.5	72.5	76	78	21.5	46	8	0	412.5	34.4	12
1967	0	4	42.5	1	25.5	10	64.5	206	56	58.5	6	15.5	489.5	40.8	12
1969	4.5	3.5	0	0	0	25.5	20	33.5	62	10.5	56	3.5	219	18.2	12
1970	5	39	0	0	0	113.9	46	121	186				510.9	56.8	9
1973										33.5	0	0	33.5	11.2	3
1974	0	0	0	0	3	16.5	49.5	42	47.5	31.2	0	21	210.7	17.6	12
1975	14.02	0	0	0	15.05	41.51	91.5	16	3	0	0	16.5	197.58	16.5	12
1976	0	0	0	0	0	59.2	227.5	5	93.5	13.5	61	57	516.7	43.1	12
1977	7	0	0	0	0	75.5	22.5	94.7	24	0	0	1	224.7	18.7	12
1978	0	2	10	0	37	65	142.5	70.5	145	66	0	3	541	45.1	12
1979	1	16	0	1	3.5	41	52.5	96	28	0	2	28	269	22.4	12
1980	4	6	0	6	0.5	6	26	72.9	21.5	22	10.5	18.5	193.9	16.2	12
1981	42	10.5	4	35	28	24.1	73.8	90.5	60.5	26.5	0	8	402.9	33.6	12
1982	0	0	0	0	16	8	46.4	37.7	78	47.2	13.6	24.3	271.2	22.6	12
1983	28.5	0	3	0	92	7.5	77	113	50	20	21	0	412	34.3	12
1984	18	0	0	0	43.5	21	93	104	0	7	0	14	300.5	25	12
1985	9	8	0	32	0	102	95	48	30	23	0	33	380	31.7	12
1986	0	0	0	0	25	96	62	34	83	32	1	3	336	28	12
1987		19		8	16	40	66	51	86		7	25	318	35.3	9
1988	0	0	0	19	4	65	150	100	39	3	0	1	381	31.8	12
1989		0	0	0	7	7	66	61	53	5	23	8	230	20.9	11
1990	8	0		3	17	63.02	93.04	125.03	8.04	69.03	5.01	0	391.17	35.6	11
1991	0	7.01	0	0	0.01	18.04	226.05	45.01	112.05	39	1.5	34.72	483.39	40.3	12
1992	93.21	0	2	1.01	33.52	17.5	57.03	19.06	68.54	50.03	23	4	368.9	30.7	12
1993	29.01	5	0	1.01		44.04	45.02	124	44.01	4.02	14	0.01	310.12	28.2	11
1994	6.01	0.01	12.01	19	21.01	84.02	64.5	44.03				3	253.59	28.2	9
1995	5.01	2.01	0	0	9.5	60	80.53	90	65	0.02			312.07	31.2	10
1996							10	194.2	218.21	273.7	5.2	0	701.31	116.9	6
1997	18.61	14.6	26.5	26.5	38.8	30.7	35.4	36.6	24.5	10	7.2	8	277.41	23.1	12
1998	0	2.6	0	0	0	122.8	17.7	179.9	42.8	3.2	15.5	0	384.5	32	12
1999	0	0	0	0	0	85	42.8	35.6	14.8	1.2	0	8.5	187.9	15.7	12
2000	0	0	0	0.8	31.5	134	73.8	44.5	14.5	20.3	0	16	335.4	28	12
2001	0	2	0	9.9	13.5	33.7	32.5	77.5	36	9	4.5	2.5	221.1	18.4	12
2002	13	44	0.3										57.3	19.1	3
2005	0.5	60.5	0	0	8	5.5	110.5	96	31.5	46	8	1.5	368	30.7	12
2006	37.5	0	0	0	31.5	22	82	91	68.5	40	0	24.5	397	33.1	12
2008	0	6	0	0	14	29	81	132	163.5	20	0	0	445.5	37.1	12
2009	0	0	3.5	5.05	4.05	69	18.2	84	86.8	14	0	6	290.6	24.2	12
2010	0	49	0			2	87.5	27	73.2	0	0	0	238.7	23.9	10
2011	0	0	0	0	7	9	35.3			23	2	0	76.3	7.6	10
2012		12	0	0		28.5	73.5	70			5.51		189.51	27.1	7
2013	21	0	0	0	12	22	162	79	169	33	25	84	607	50.6	12
2014	17	0	2	0	12.3	95.6	53	60	115	12	15	16	397.9	33.2	12
2015	17	60	87	15	6	214	46.3	66.2	112	106.8	5.7	0	736	61.3	12
2016	1.6	3.9	14	0	46.6	45.4	69.6	148.4	184.2	14.5	29.6	5.9	563.7	47	12
2017	0	0	19	1.2	7.1	57.1	183.4	81.5	121.8	2.6		41.11	514.81	46.8	11
2018	53	20.8	0	8.5	22.4	139.9	35.2	76.6	172.8	102.61	23.6	0.2	655.61	54.6	12
2019	5.4	8.3	1.3	0	0							35.9	50.9	8.5	6
2020	20.7	5.7	0.9	7.5	3.4	24.7	89.2	89.3	70.9	0	0	2.3	314.6	26.2	12
2021	1.8	0	0	5	18.6	74.6	121.2	64.6	67		0	3.1	355.9	32.4	11
2022	0	2.6	0	2.2	0.3	25			153.3	19.5	0	3.1	206	20.6	10
2023	0	0	0	7.3	13.4	2	44.2						66.9	9.6	7
2024	0	60.9	0	0	0	110	189	0					359.9	45	8
MÍNIMA	0	0	0	0	0	2	1	0	0	0	0	0	30	7.6	1
MÁXIMA	93.21	60.9	87	53.5	110.6	214	227.5	206	218.21	273.7	61	84	736	116.9	12
MEDIA	9.8	8.2	4.7	6.6	18.9	54	72	79.9	74.4	32.4	9.6	13.5	350.5	31.8	11
DESV.ST	15.6	14.8	12.8	12.4	24.2	44.5	46.8	47.5	51.4	39.6	14	18	153	15	2.3

EVAPORACIÓN MENSUAL
AÑO	ENE	FEB	MAR	ABR	MAY	JUN	JUL	AGO	SEP	OCT	NOV	DIC	ACUM	PROM	MESES
1997						169.8	242.48	246.3	191.77	171.9	144.2	152.7	1319.15	188.4	7
1998	150.85	205.66	324.85	370.95	381.9	288.6	281.05	191.51	120.65	157.4	127.5	138.75	2739.67	228.3	12
1999	160.75	164.75	286.75	326.9	337.25	227.4	207.35	240.2	201.05	188.6	149.4	132.25	2622.65	218.6	12
2000	162.85	183.15	285.7	302.2	280.55	183.45	239.35	195.3	217.85	167	168.5	111.05	2496.95	208.1	12
2001	149.2	178.45	266.45	277.05	256.5	234.3	260.05	241.6	179.85	174.6	140.75	129.7	2488.5	207.4	12
2002	166.6	148.05	286.65										601.3	200.4	3
2005	116.95	120.15	191.95	266.7	303.37	284.7	221.7	175.3	167.5	143.65	138	115.45	2245.42	187.1	12
2006	110.2	127.2	253.45	331.3	312.5	239.85	215.55	227.4	181.8	220.15	148.85	119.35	2487.6	207.3	12
2008	160.4	204.6	275	300.5	284.65	269.3	200.3	177.7	126.25	127.4	129.3	131.85	2387.25	198.9	12
2009	150.05	160.9	242.8	283.65	236.1	235.15	241.8	222.68	195.77	85.3			2054.2	205.4	10
MÍNIMA	110.2	120.15	191.95	266.7	236.1	169.8	200.3	175.3	120.65	85.3	127.5	111.05	601.3	187.1	3
MÁXIMA	166.6	205.66	324.85	370.95	381.9	288.6	281.05	246.3	217.85	220.15	168.5	152.7	2739.67	228.3	12
MEDIA	147.5	165.9	268.2	307.4	299.1	237	234.4	213.1	175.8	159.6	143.3	128.9	2144.3	205	10.4
DESV.ST	20.3	30.6	37	34.2	46.1	41	26	28.3	32.9	38.3	13	13.5	673.6	12.5	3.1

TEMPERATURA MÁXIMA PROMEDIO
AÑO	ENE	FEB	MAR	ABR	MAY	JUN	JUL	AGO	SEP	OCT	NOV	DIC	ACUM	PROM	MESES
1956								22.2	23	22.8	19	17.5		20.9	5
1957	20.9	17.4	15.4	16.6	22.4	24.6	23.5	23.1	22.5	21	19	15.9		20.2	12
1958	15.3	16.6	19.1	23.4	23.7	24.3	23.7	25.4	22.2	18.5	19.9	16.4		20.7	12
1959	16.7	18.3	21	23.4	25.4	25.5	24.6	25	24	22.3	22.1	18.2		22.2	12
1960	16.2	16.6	22.4	22.9	25.8	26.9	25.2	24	23.1	24.2	22.6	18.3		22.4	12
1961	17.7	17.5	21.1	25.8	28.3	25.8	24	24.4	24.8	23.2	22	20		22.9	12
1962	17.7	20.3	22.3	23.5	27.8	26.6	25.9	25.8	23.2	23.5	20.9	16.9		22.9	12
1963	19.6	20.2	23.9	27.7	27.3	26.6	25.7	26.1	23.9	19.6	20.2	15.4		23	12
1964	14.8	19.3	21.9	25.7	25.9	26	25.9	25.5	22.9	19.1	20.8	18.4		22.2	12
1965	16.9	17.1	22.8	24.5	27.2	23.7	21.8	22.3	22.9	20.3	21.9	16.7		21.5	12
1966	13.9	14.9	19.7	23.3	25.2	25.9	24.9	23	24.2	21.2	20.7	17.8		21.2	12
1967	14.4	21.2	22.5	25	27.6	26.5	23.2	21.2	20.1	19.5	20.8	16.9		21.6	12
1969	21.3	21.9	23	28.3	28.9	30.8	28	27.1	24.9	26.2	23.9	20.4		25.4	12
1970	20.2	19.9	23.2	29.7	28.9	28.7	30.2	27.2	23.8					25.8	9
1973										24.9	26.6	22.1		24.5	3
1974	24.7	25.2	27.8	30	32.8	31.5	28.7	29.7	28.1	25.5	24.4	20.7		27.4	12
1975	21.7	24.7	28.8	32.1	31.3	32.6	31.4	31	29.5	27.4	26.9	22.1		28.3	12
1976	22.1	24.8	28.1	28.9	31	30.3	25.6	27.3	29.1	25.4	19.8	19.6		26	12
1977	21.9	24	28.9	26.6	31.6	29.3	29.1	30.3	29.8	30.1	24.3	25.6		27.6	12
1978	23.3	24.2	28.6	30.4	36.5	34.1	31.8	31	25.9	26.2	24.5	22.8		28.3	12
1979	22.1	22.9	28.3	34	35	31.7	32.3	27.9	26.2	28.6	24.4	20.2		27.8	12
1980	27.4	28.4	27.2	32.5	35.4	36.9	31.3	31.6	31.5	26.9	27.1	19.9		29.7	12
1981	20.3	21.3	27.1	26.2	29.7	29.6	27.8	27.8	26.2	26.6	25.8	21		25.8	12
1982	23.4	24.8	27	30.4	30.1	32	27.7	27.1	27	24.7	21.9	20.3		26.4	12
1983	15.6	20.8	23.5	28.2	29.9	30	27.1	25.2	25	24.8	23	22.3		24.6	12
1984	18.7	19.3	25.8	29.6	29.7	28.6	22.5	25.1	24	24.5	23.6	21.5		24.4	12
1985	16.9	21.7	24.5	25.6	30.1	27.9	24.9	26.7	26.2	24.1	23.6	20.2		24.4	12
1986	20.5	22.2	23.4	27.6	27.7	25.3	24.3	26.5	24.9	22.4	23	19.2		23.9	12
1987		20.1		25.6	26.9	28	25.2	26.6	25.2	23	21.8	20.3		24.3	10
1988	18.5	22.6	23.6	26.5	29.4	26.2	23.8	23.6	24.1	24.1	23.2	22.5		24	12
1989		21.6	29.6	26.7	29.4	29	27	24	23.6	25.2	22.4	14.7		24.8	11
1990	19.6	22.5		25	28.3	27.6	23.7	23.7	22.8	23.5	22.1	21.5		23.7	11
1991	20.4	21.9	26.8	27.5	30.4	28.1	22.2	25.3	22.3	21.7	20.8	18.4		23.8	12
1992	14.8	18.5	22.7	24.8	25.8	28.7	25.8	26.3	24.6	22.1	20.5	20.3		22.9	12
1993	20.1	23	22.7	25		27.7	26.6	25	23.8	25	22.8	22.1		24	11
1994	19.5	24.2	24.6	26.2	29.8	27.7	26.2	25.2				23.1		25.2	9
1995	20.3	21.9	24.3	27.3	30.5	28.9	25.6	23.7	29.6	25.9				25.8	10
1996							27.8	25	23.6	21.1	20	20.3		23	6
1997	18.7	21.2	22.3	22.4	26.8	29.7	28.1	29.2	27.4	25.6	24.5	21.9		24.8	12
1998	22.2	22.6	26.5	30	33.1	32.2	29.3	26.5	24.9	25.8	24.4	22.9		26.7	12
1999	22.8	25.4	27.2	30.5	31.5	29	26.5	28.3	27.1	25.2	23.1	21.7		26.5	12
2000	23.1	25.5	27.2	30	30.4	25.6	29	26.1	27.6	25.8	24.8	22.8		26.5	12
2001	20.9	24.1	25.5	31.2	29.1	29	30.6	28.1	25.8	26	22.4	21.6		26.2	12
2002	22.6	21.8	26.8											23.7	3
2005	22.4	21.3	23.9	29.8	31.2	32.9	29.5	26.3	27.5	26.1	24.4	22.7		26.5	12
2006	21.5	25.2	27.9	30.9	31.5	30.2	30.6	30.6	25.7	27.4	22.6	20.2		27	12
2008	22.4	24.8	25.3	29.8	31	31.9	27.9	27.5	23.2	23.2	23.1	24		26.2	12
2009	22.5	25	27.6	28.7	31.9	29.9	30.2	29.5	26.4	25.9	22.5	21		26.8	12
2010	20	17.1	25.1			30.4	27.6	27.5	25.1	24.8	22.3	21.4		24.1	10
2011	21.4	24.4	27.4	30.4	31.5	30.8	27.6			25.2	23.2	22.8		26.5	10
2012		21.5	26.4	28.4		29.8	27.1	28.3			24.1			26.5	7
2013	19.3	23.6	23.9	25.6	26.6	26.9	25.9	26.5	23.7	24.6	21.6	22.6		24.2	12
2014	19	25.5	25.6	27.3	29.3	29.1	26.8	27.6	23.9	23.8	20.1	19.8		24.8	12
2015	20.6	20.8	21.9	25	28.2	25.9	25.8	27.2	25.4	23.8	24.2	21.4		24.2	12
2016	20.3	23.4	24.4	27.1	28.3	27.4	27.8	27.9	27	25.6	21.7	21.4		25.2	12
2017	20.5	24.9	26.9	28.7	30.2	31	27.8	27.6	24.9	25		21.4		26.3	11
2018	21.8	23.5	28.6	29.4	30.8	29.6	28.9	28.3	25.2	24.8	23.5	21.1		26.3	12
2019	23.5	25.9	28.3	29.2	30.2							21.8		26.5	6
2020	20.7	23.4	27.7	29.6	31	30	28.6	28.7	26.8	24.7	23.3	22		26.4	12
2021	21.1	22.8	23.3	30.7	30.8	28.4	25.6	26.8	26		25.8	26.4		26.2	11
2022	25.1	25.1	29.2	31.6	33.2	31.4			27.4	26.2	26.7	26.4		28.2	10
2023	25.5	27.1	30.7	31.1	31.4	34.9	31.8							30.4	7
2024	19.6	21.3	26.3	31.3	33.8	31.2	28.8	29.3						27.7	8
MÍNIMA	13.9	14.9	15.4	16.6	22.4	23.7	21.8	21.2	20.1	18.5	19	14.7		20.2	3
MÁXIMA	27.4	28.4	30.7	34	36.5	36.9	32.3	31.6	31.5	30.1	27.1	26.4		30.4	12
MEDIA	20.3	22.1	25.1	27.7	29.6	29	27	26.6	25.3	24.3	22.8	20.6		25	10.9
DESV.ST	2.9	2.9	3	3.1	2.8	2.7	2.6	2.3	2.2	2.4	2	2.5		2.2	2.2

TEMPERATURA MÁXIMA EXTREMA
AÑO	ENE	FEB	MAR	ABR	MAY	JUN	JUL	AGO	SEP	OCT	NOV	DIC	ACUM	PROM	MESES
1956								25	27	27	25	23		25.4	5
1957	25	23	24	25	30	30	29	29	27	25	25	21		26.1	12
1958	23	25	26	29	29	30	27	28	27	25	24	24		26.4	12
1959	23	24	26	30	38	31	29	28	29	29	30	25		28.5	12
1960	25	25	28	28	30	32	30	27	26	28	25	27		27.6	12
1961	22	24	29	32	34	30	29	29	28	27	25	25		27.8	12
1962	23	25	26	27	33	32	31	30	27	27	24	22		27.2	12
1963	28	25	29	33	38	32	39	28	29	28	25	24		29.8	12
1964	22	25	26	30	38	32	28	30	27	23	24	22		27.2	12
1965	21	22	26	29	32	31	28	25	32	26	26	28		27.2	12
1966	19	21	26	32	35	38	29	27	30	28	25	25		27.9	12
1967	23	26	27	32	34	31	27	29	26	24	24	24		27.2	12
1969	26	26	27	32	32	37	31	31	28	29	30	34		30.2	12
1970	25	25	29	34	32	33	36	38	28					31.1	9
1973										30	30	26		28.7	3
1974	28	29	32	33.5	36	37	32	32	33	30	30	27		31.6	12
1975	29	28	31.5	35.5	33.5	37	36	35	37	32	31	28		32.8	12
1976	29	29	31	32.5	35	35.5	31.5	32	35	33	26	27		31.4	12
1977	26	28	36	32	36	33	32	34.5	36	38	27	30		32.4	12
1978	29	32	35	35	42	39	35	34	28.5	31	30	26.5		33.1	12
1979	28	28.5	32	37	38	35	35	31.5	31	30.5	28	25.5		31.7	12
1980	33.5	33	31.5	37.5	41	40	36.5	37.5	36	32.5	31.5	25		34.6	12
1981	25	32	33	31	32	35	31	31	30.5	30	30	26		30.5	12
1982	27.5	28.5	32	34	35.5	37	30	29.5	30	29	26	25.5		30.4	12
1983	24	24	28	35	36	33	30	30	31	28	26	25		29.2	12
1984	24	25	29	33	34	34	28	28	28	28	28	31		29.2	12
1985	25	26	28	32	34	32	28	30	28	29	29	25		28.8	12
1986	26.5	29	28	32	31	30	29	29	29	27	28	24		28.5	12
1987		26		31	31	33	31	28	30	26	25	25		28.6	10
1988	24	27	29	32	32	32	27	27	28	28	27	25		28.2	12
1989		26	32	30	33	33	31	28	27	28	29	21		28.9	11
1990	25	27		30	34	31	26	27	27	27	26	27		27.9	11
1991	24	27	33	31	35	33	25	28	27	27	25	27		28.5	12
1992	24	23	29	29	31	32	31	29	29	25	25	26		27.8	12
1993	24	27	28	31		34	29	29	27	31	28	25		28.5	11
1994	24	28	31	30	33	32	29	29				26		29.1	9
1995	24	26	30	30	34	33	29	27	32	31				29.6	10
1996							31	30	29.2	26	26	23.5		27.6	6
1997	23.5	25.5	28	30	31	33.5	31	32.5	30	30	28	28		29.2	12
1998	24	28	31.5	33	36	38.5	33	30	28	30	27.5	27.5		30.6	12
1999	27	28.5	29.5	35	34.5	34	30	31	31	30	26	24.5		30.1	12
2000	28	29.5	30	35	34	29	33.5	29	32	30	28.5	26		30.4	12
2001	25	28	29	34	34	33	35	32.5	30	29	26.5	25		30.1	12
2002	27	26	31											28	3
2005	26.5	27	29	32	34	37	33	30	30	29	27	26		30	12
2006	25	30	31	36	34	38	33	33	31	31	26	26		31.2	12
2008	26	28	32	33	38	38	35	33	27	27	26	27		30.8	12
2009	27	30	31	32	36	34	33	33	32	32	28	27		31.2	12
2010	25	22	33			32	32	29	29	28.5	27	25.5		28.3	10
2011	25	28.5	31	32	35.5	33.5	32			29	27	25		29.9	10
2012		28	29	33		33	30	31			27			30.1	7
2013	24	27	28	28	30	29	29	29	27	27	27	27		27.7	12
2014	25	28	28	29	38	33	30	30	29	26	25	23		28.7	12
2015	25	28	27	29	30	30	29	30	29	27	27	26		28.1	12
2016	25	28	27	29	31	29	30	29	29	29	26	24		28	12
2017	26	29	31	31	33	33	33	31	29	28		28		30.2	11
2018	26	29	32	33	37	39	33	31	28	28	29	26		30.9	12
2019	26	29	31	31	32							27		29.3	6
2020	24	29	32	32	33	34	32	32	31	28	26	29		30.2	12
2021	26	26	26	33.4	36	33.7	30.2	29.9	27.9		28.5	30.1		29.8	11
2022	28.6	31.4	31.7	35.4	35.2	33.9			29.6	28.6	29.5	30.1		31.4	10
2023	29.6	31	33.8	33.9	33.3	38.2	34.1							33.4	7
2024	20.6	25.1	30.2	35.7	38.7	36.4	31.3	29.3						30.9	8
MÍNIMA	19	21	24	25	29	29	25	25	26	23	24	21		25.4	3
MÁXIMA	33.5	33	36	37.5	42	40	39	38	37	38	31.5	34		34.6	12
MEDIA	25.3	27.1	29.7	31.9	34.2	33.7	31	30.1	29.4	28.5	27	25.9		29.5	10.9
DESV.ST	2.4	2.5	2.5	2.5	2.8	2.8	2.8	2.6	2.5	2.5	2	2.4		1.8	2.2

TEMPERATURA MÍNIMA PROMEDIO
AÑO	ENE	FEB	MAR	ABR	MAY	JUN	JUL	AGO	SEP	OCT	NOV	DIC	ACUM	PROM	MESES
1956								11.6	11.8	8.8	5	3.2		8.1	5
1957	3.1	5.1	5.2	-0.3	8.3	11.9	12.7	12.5	11.1	10	6.2	1.8		7.3	12
1958	0.3	1.9	5.8	7.7	11.2	14.2	12.5	12.4	12.3	9.7	7.4	4.3		8.3	12
1959	2.6	5.4	3.6	8.4	9.7	13.6	12.3	12.2	10.7	10.5	6.2	2.6		8.2	12
1960	4.5	4.1	2.9	5.9	8.4	13	11.7	12.1	8	7.6	5	2.2		7.1	12
1961	0.8	0.9	2.7	6.2	10.2	11.8	11.8	11.2	10.6	6.7	5.3	1.9		6.7	12
1962	0.7	2.4	3.3	5.3	10.4	12.1	12.4	12.7	12.3	10.3	3	2.5		7.3	12
1963	1.8	-0.3	5.5	10	11.5	12.9	12.3	12.4	11.8	8.7	3.8	2.5		7.7	12
1964	2	2.8	4.6	8.7	11.2	12.4	12.9	11.8	11.9	6.2	4.9	1.9		7.6	12
1965	1.6	2	4.4	7.6	10.7	12.7	11.8	11.8	11.5	4.4	3.8	3		7.1	12
1966	2.6	2.7	4.4	7.6	11	12.5	12.4	12.4	11.2	7.6	3.3	2		7.5	12
1967	1.6	2.1	11.4	12	11.2	13.4	12.6	12.4	11.1	7.1	3.8	2.8		8.5	12
1969	1.5	4.4	3.9	7.5	10.5	13.2	13.6	13.5	13.4	9.3	7.6	2.7		8.4	12
1970	0.3	3.7	4.1	7.6	9.7	12.8	12.7	12.9	11.1					8.3	9
1973										11.1	10.6	3.1		8.3	3
1974	3.7	3.6	11.9	11.2	13.8	16.4	12.7	12.6	12.4	7.7	2.8	1.9		9.2	12
1975	0.6	0.8	5.1	9.4	9	12.2	10.3	11.9	10	7.1	4.2	1.8		6.9	12
1976	3.5	0.8	2.3	6.8	10.6	11.8	10.5	10	8.7	4.9	1.7	1.3		6.1	12
1977	1.7	2.3	2.9	6	13.6	12.2	12.3	13	12.7	10.7	3	0.6		7.6	12
1978	-0.3	0.5	3.6	7.1	10.3	12.9	14.4	12.4	12.7	7.9	3.8	1.3		7.2	12
1979	0.5	1.6	3	7.2	9.4	13.2	13.9	12.5	9.1	4	0.5	2.5		6.4	12
1980	1.5	2.5	5	2.9	5.2	6.8	10.6	12.6	10.9	7.6	2.4	0.6		5.7	12
1981	0.9	2.3	3.7	7.5	8.6	12	11.2	11.3	10.2	8.1	1.1	0.1		6.4	12
1982	1.9	0.2	3.2	8.1	10.1	13.3	12.2	11.6	10.8	8.7	3.5	1.7		7.1	12
1983	0.3	1.9	2.4	3.8	9.7	11.8	11.6	11.6	11.2	10.3	3.9	1		6.6	12
1984	1.1	0	3.3	7.3	9.6	11.8	11.2	10.4	9.6	7.4	2.9	1.8		6.4	12
1985	0.1	2	5.1	6.9	10.1	11.5	10.5	11.4	10.5	6.9	2.7	-1.5		6.3	12
1986	0.3	-0.6	2.8	6.7	7.4	12	10.5	10.6	10.8	7.5	4.9	1.2		6.2	12
1987		0.2		4.2	7.4	11.1	12	11.7	11.6	5.6	2.6	4.8		7.1	10
1988	2.7	2.7	1.6	6.5	8.9	11.2	12	11.3	9.7	5.2	2	1.4		6.3	12
1989		2.6	8.9	6.6	8.4	11.5	11.6	12.2	9.5	5.1	3.4	-0.2		7.2	11
1990	2.4	2.5		5.6	10.1	12.5	11.9	11.2	7.5	10.3	3.2	2.5		7.2	11
1991	0.7	1.9	3.4	5.6	9.4	9.9	11	10.4	9.8	5.7	1.8	3.5		6.1	12
1992	2.8	0.3	3.1	4.3	8.5	11.1	11	10.7	9.6	7.1	1.8	2.3		6	12
1993	1	0.3	2	4.7		10.9	11.9	10.1	10.6	6.5	2.9	-0.1		5.5	11
1994	1	2.3	4.3	5.3	10.1	11.7	10	11.1				3.4		6.6	9
1995	0	3.2	3.7	3.8	9.3	11.3	11.3	11.3	10.8	9				7.4	10
1996							12.1	11.4	10.6	6.9	2.4	1		7.4	6
1997	-0.5	2.4	3.9	5	9.1	14.1	13.7	13.7	12.4	9.4	5.8	1.2		7.5	12
1998	0	1.2	4.1	7.8	9.5	16.1	14.7	14.5	12.9	11.3	6.4	3.9		8.5	12
1999	-1.1	3.3	4.4	9.6	10.4	15.1	12.7	13.4	12.5	8.3	1.6	-0.9		7.4	12
2000	1	3.4	5.2	8.6	12.6	13.9	13	12.7	12.1	10	6.4	1.2		8.3	12
2001	4.2	5	3.9	9.7	11.2	13.6	14.1	13.9	13.2	8.2	4.8	4.1		8.8	12
2002	1.4	3.7	5.9											3.7	3
2005	1.8	5.4	3.8	6.7	9.5	13.1	13.6	12.1	11.4	9.4	3.6	2.9		7.8	12
2006	0.5	3.3	5.3	8.4	10.5	12.9	11.8	11.5	12	9.4	3.5	0.7		7.5	12
2008	0.7	2.3	3.2	6.9	10.4	13.8	12.7	13.1	12.1	7.4	1.6	0.8		7.1	12
2009	1.5	1.5	5.1	6.6	11.4	13.6	13.6	13.2	12.6	9.5	4.6	4.2		8.1	12
2010	2	1.8	4.6			17.5	13.7	13.4	14.6	8.9	1.9	-0.6		7.8	10
2011	0.5	1.5	6.8	8.3	10.5	14	13.9			1.9	-0.8	1.1		5.8	10
2012		4.2	6.8	8.3		12.2	13	13.2			5.4			9	7
2013	2.3	3.6	3.6	5	6.8	7.3	7.2	9.6	10.3	7.6	5.6	3.4		6	12
2014	2	3.5	4.3	7.5	10.3	14.2	12.5	12.6	11.9	8.5	3.4	2.9		7.8	12
2015	4.6	4	6.9	9.6	11.9	13.8	12.8	13.1	12.1	9.4	9.7	3		9.2	12
2016	0.5	3.8	5.5	10.2	14	12.7	12.7	12.1	11.4	10	6.7	3.1		8.6	12
2017	1.2	3	7.1	10.6	14	15.6	14.5	14.2	12.1	9.8		2.5		9.5	11
2018	1.9	6.6	7.1	8.6	12.9	14.7	14.5	13.8	13.6	10.3	5.1	1.8		9.2	12
2019	4.2	5.7	8.4	11.4	13.6							2.2		7.6	6
2020	0.5	3.9	9.8	12.6	14.9	14.2	11.6	12.3	9.8	7.8	7.1	5.2		9.1	12
2021	2.2	5	5.9	6.5	10.4	12.2	12.5	12.2	11.9		4	1.8		7.7	11
2022	1.7	1.8	3	7.9	10.7	11.5			11.8	6.4	4.4	1.8		6.1	10
2023	0	3.6	6.7	9.1	9.9	13.3	14.7							8.2	7
2024	0.3	1.7	5.9	10.2	12.5	13.8	11.7	12.2						8.5	8
MÍNIMA	-1.1	-0.6	1.6	-0.3	5.2	6.8	7.2	9.6	7.5	1.9	-0.8	-1.5		3.7	3
MÁXIMA	4.6	6.6	11.9	12.6	14.9	17.5	14.7	14.5	14.6	11.3	10.6	5.2		9.5	12
MEDIA	1.5	2.6	4.8	7.4	10.4	12.7	12.3	12.1	11.3	8	4.1	2		7.4	10.9
DESV.ST	1.3	1.6	2.1	2.3	1.9	1.8	1.4	1.1	1.4	2	2.2	1.4		1.1	2.2

TEMPERATURA MÍNIMA EXTREMA
AÑO	ENE	FEB	MAR	ABR	MAY	JUN	JUL	AGO	SEP	OCT	NOV	DIC	ACUM	PROM	MESES
1956								10	8	4	0	0		4.4	5
1957	-3	2	1	-12	5	8	10	9	7	7	0	-3		2.6	12
1958	-6	-5	1	2	9	10	8	9	8	5	4	-4		3.4	12
1959	0	2	-1	1	5	9	10	8	4	5	-4	0		3.2	12
1960	1	0	1	0	4	9	10	9	2	1	1	-1		3.1	12
1961	-0.6	-1	-0.4	-0.4	3	7	10	9	8	0	0	-0.7		2.8	12
1962	0	-2	-5	-0.2	7	6	10	10	10	2	-5	-2		2.6	12
1963	-6	-6	-3	5	7	9	10	9	8	4	-4	-9		2	12
1964	-6	-0.6	-5	5	8	10	10	8	10	2	1	0		3.5	12
1965	-0.7	0	0	3	8	11	10	10	8	0	0.1	0		4.1	12
1966	-0.3	0.2	0	3	6	10	9	9	6	1	0	0		3.7	12
1967	0.3	0	2	10	9	10	10	10	8	2	-1	-8		4.4	12
1969	-2	-2	-6	3	6	9	12	12	8	5	0.2	0.1		3.8	12
1970	-5	0.2	0.2	3	5	10	9	11	7					4.5	9
1973										10	2	-5		2.3	3
1974	-2	-4	9.5	9	10	11	10	10	10	4	-5	-7		4.6	12
1975	-7	-9	0.5	5	6	9	7	7	4	4	-1	-6		1.6	12
1976	-2	-7	0	3	5	8	6	6	6	1	-3	-2		1.8	12
1977	0	-3.5	-1	3	8	9	10	10	8	6	-2	-3		3.7	12
1978	-6	-6	-4	3	3	10	10	9	8.5	5	2	-4		2.5	12
1979	-5	-7	-2	2	4	5	12	9.5	0	-1	-6	-3.5		0.7	12
1980	-1	1	1	0	0	5	5.5	10	8	3	-2	-3.5		2.2	12
1981	-6.5	0	-1.5	4	5	8	8	8	6.5	2	-4	-4		2.1	12
1982	-0.5	-7	-3	5	4.5	10.5	10	7.5	8	5	0	-5.5		2.9	12
1983	-6	0	-0.5	0	3.5	8	7	9	8	4.5	-1	-7		2.1	12
1984	-5	-5	-3	1	3	7	9	8	4	3	-3	-4		1.2	12
1985	-9	-4	2	2	1	8	2	9	8	2	-4	-8		0.8	12
1986	-5	-6	0	3	4	10	8	8	7	-2	-4	-7		1.3	12
1987		-7		1	2	8	7	10	9	2	-3	-2		2.7	10
1988	0	0.5	-4	1	4	6	8	9	3	0	0	-2		2.1	12
1989		0.1	4	3	3	6	7	11	3	0	0	-5		2.9	11
1990	-5	1		1	3	8	9	7	-1	6	0	0		2.6	11
1991	-7	-4	0	0	5	6	8	6	4	1	-7	-4		0.7	12
1992	-1	-5	-4	-2	6	8	8	8	2	1	-4	-4		1.1	12
1993	-4	-5	-2	-2		4	10	8	5	-3	-1	-4		0.5	11
1994	-4	-6	-1	0	5	10	4	9				0		1.9	9
1995	-4	-1	0	1	4	7	9	9	9	4				3.8	10
1996							10.5	9.5	7	3	-4.5	-4.5		3.5	6
1997	-9	-4	-2	-1.5	4	8	9	10	8	1.5	1	-10.5		1.2	12
1998	-5.5	-6	0	1.5	6	14	11.5	12	10	8	2	-2		4.3	12
1999	-5	-1	-2	7	5.5	13	9.5	11	10	1	-4	-7		3.2	12
2000	-4	-5	-0.5	2	9	12	10.5	9.5	7	6	-2	-4		3.4	12
2001	-5	-1	-3	6	7	10.5	12.5	12	9.5	4	0	-4		4	12
2002	-5	-3	1											-2.3	3
2005	-3	0	-2	1	6	8	12	10	8	6	-3	-1		3.5	12
2006	-9	0	2	5	7	8	9	9	9	4	-4	-7		2.8	12
2008	-6	-2	-7	3	6	12	9	11	7	4	-4	-6		2.2	12
2009	-3	-3	-1	3	9	10	12	11	11	4	0	-5		4	12
2010	-5	-5	-3			14	9	8	13	3	-5	-6		2.3	10
2011	-4	-6.5	3	4	7	12	12			-1	-9	-4		1.4	10
2012		-1	-2	2		9	11	10			-1			4	7
2013	-3	-2	-3	2	3	6	5	7	7	3	-1	-3		1.8	12
2014	-3	-1	0	3	5	11	8	10	9	5	-8	-6		2.8	12
2015	2	-1	3	6	9	10	10	9	8	5	6	-2		5.4	12
2016	-5	1	-1	4	9	9	8	10	9	6	3	0		4.4	12
2017	-3	-2	3	6	11	13	12	11	8	4		-5		5.3	11
2018	-3	2	3	-2	9	11	11	11	8	8	-6	-3		4.1	12
2019	-2	1	6	8	12							-2		3.8	6
2020	-4	-2	2	8	12	12	1	8	8	6	6	-2		4.6	12
2021	-4	-2	4	0.4	2	7.4	9.6	7.1	7.5		0.7	-5.2		2.5	11
2022	-2.3	-6.1	-1.1	3.7	7.6	9.2			8.2	1.9	-1.3	-5.2		1.5	10
2023	-4.7	-4.6	2.2	6.1	6.8	9	12.7							3.9	7
2024	-2.8	-2.8	2.3	5.6	9.7	10.2	8.6	12.2						5.4	8
MÍNIMA	-9	-9	-7	-12	0	4	1	6	-1	-3	-9	-10.5		-2.3	3
MÁXIMA	2	2	9.5	10	12	14	12.7	12.2	13	10	6	0.1		5.4	12
MEDIA	-3.6	-2.6	-0.3	2.6	6	9.1	9.1	9.3	7.2	3.2	-1.6	-3.7		2.8	10.9
DESV.ST	2.6	2.8	2.9	3.3	2.7	2.2	2.3	1.5	2.7	2.6	3.1	2.6		1.4	2.2

TEMPERATURA MEDIA MENSUAL
AÑO	ENE	FEB	MAR	ABR	MAY	JUN	JUL	AGO	SEP	OCT	NOV	DIC	ACUM	PROM	MESES
1956								16.9	17.4	15.8	12	10.3		14.5	5
1957	12	11.2	10.3	8.2	15.3	18.2	18.1	17.8	16.8	15.5	12.6	8.8		13.7	12
1958	7.8	9.2	12.5	15.5	17.4	19.2	18.1	18.9	17.2	14.1	13.6	10.3		14.5	12
1959	9.7	11.9	12.3	15.9	17.5	19.6	18.5	18.6	17.4	16.4	14.2	10.4		15.2	12
1960	10.3	10.4	12.6	14.4	17.1	20	18.4	18	15.6	15.9	13.8	10.2		14.7	12
1961	9.2	9.2	11.9	16	19.2	18.8	17.9	17.8	17.7	14.9	13.7	10.9		14.8	12
1962	9.2	11.3	12.8	14.4	19.1	19.4	19.1	19.2	17.8	16.9	11.9	9.7		15.1	12
1963	10.7	9.9	14.7	18.9	19.4	19.8	19	19.2	17.9	14.2	12	8.9		15.4	12
1964	8.4	11.1	13.2	17.2	18.5	19.2	19.4	18.6	17.4	12.7	12.9	10.1		14.9	12
1965	9.2	9.6	13.6	16	19	18.2	16.8	17	17.2	12.4	12.8	9.8		14.3	12
1966	8.2	8.8	12.1	15.4	18.1	19.2	18.6	17.7	17.7	14.4	12	9.9		14.3	12
1967	8	11.7	17	18.5	19.4	20	17.9	16.8	15.6	13.3	12.3	9.8		15	12
1969	11.4	13.1	13.4	17.9	19.7	22	20.8	20.3	19.1	17.8	15.8	11.5		16.9	12
1970	10.2	11.8	13.6	18.6	19.3	20.8	21.4	20	17.4					17	9
1973										18	18.6	12.6		16.4	3
1974	14.2	14.4	19.9	20.6	23.3	24	20.7	21.1	20.2	16.6	13.6	11.3		18.3	12
1975	11.2	12.8	17	20.8	20.1	22.4	20.9	21.4	19.8	17.2	15.5	12		17.6	12
1976	12.8	12.8	15.2	17.8	20.8	21	18	18.6	18.9	15.1	10.8	10.5		16	12
1977	11.8	13.2	15.9	16.3	22.6	20.8	20.7	21.6	21.2	20.4	13.7	13.1		17.6	12
1978	11.5	12.3	16.1	18.8	23.4	23.5	23.1	21.7	19.3	17	14.2	12.1		17.8	12
1979	11.3	12.2	15.7	20.6	22.2	22.4	23.1	20.2	17.6	16.3	12.4	11.3		17.1	12
1980	14.4	15.4	16.1	17.7	20.3	21.8	21	22.1	21.2	17.2	14.8	10.2		17.7	12
1981	10.6	11.8	15.4	16.9	19.1	20.8	19.5	19.6	18.2	17.4	13.5	10.6		16.1	12
1982	12.6	12.5	15.1	19.2	20.1	22.6	20	19.4	18.9	16.7	12.7	11		16.7	12
1983	8	11.3	12.9	16	19.8	20.9	19.4	18.4	18.1	17.6	13.4	11.7		15.6	12
1984	9.9	9.7	14.6	18.4	19.6	20.2	16.9	17.8	16.8	15.9	13.2	11.7		15.4	12
1985	8.5	11.8	14.8	16.2	20.1	19.7	17.7	19	18.4	15.5	13.2	9.3		15.3	12
1986	10.4	10.8	13.1	17.2	17.6	18.6	17.4	18.6	17.9	14.9	13.9	10.2		15.1	12
1987		10.2		14.9	17.1	19.6	18.6	19.1	18.4	14.3	12.2	12.6		15.7	10
1988	10.6	12.7	12.6	16.5	19.1	18.7	17.9	17.5	16.9	14.7	12.6	11.9		15.1	12
1989		12.1	19.2	16.6	18.9	20.2	19.3	18.1	16.6	15.1	12.9	7.2		16	11
1990	11	12.5		15.3	19.2	20	17.8	17.4	15.2	16.9	12.7	12		15.5	11
1991	10.5	11.9	15.1	16.6	19.9	19	16.6	17.9	16	13.7	11.3	10.9		14.9	12
1992	8.8	9.4	12.9	14.6	17.1	19.9	18.4	18.5	17.1	14.6	11.2	11.3		14.5	12
1993	10.6	11.7	12.3	14.8		19.3	19.2	17.6	17.2	15.8	12.8	11		14.8	11
1994	10.2	13.2	14.5	15.8	20	19.7	18.1	18.1				13.2		15.9	9
1995	10.2	12.5	14	15.6	19.9	20.1	18.5	17.5	20.2	17.4				16.6	10
1996							20	18.2	17.1	14	11.2	10.7		15.2	6
1997	9.1	11.8	13.1	13.7	18	21.9	20.9	21.4	19.9	17.5	15.2	11.5		16.2	12
1998	11.1	11.9	15.3	18.9	21.3	24.2	22	20.5	18.9	18.6	15.4	13.4		17.6	12
1999	10.8	14.3	15.8	20	21	22	19.6	20.9	19.8	16.8	12.4	10.4		17	12
2000	12.1	14.4	16.2	19.3	21.5	19.8	21	19.4	19.9	17.9	15.6	12		17.4	12
2001	12.5	14.6	14.7	20.4	20.1	21.3	22.4	21	19.5	17.1	13.6	12.9		17.5	12
2002	12	12.8	16.4											13.7	3
2005	12.1	13.4	13.8	18.2	20.4	23	21.6	19.2	19.4	17.8	14	12.8		17.1	12
2006	11	14.2	16.6	19.6	21	21.6	21.2	21	18.9	18.4	13.1	10.4		17.2	12
2008	11.5	13.6	14.2	18.4	20.7	22.9	20.3	20.3	17.6	15.3	12.4	12.4		16.6	12
2009	12	13.2	16.4	17.6	21.6	21.8	21.9	21.4	19.5	17.7	13.6	12.6		17.4	12
2010	11	9.5	14.9			24	20.6	20.4	19.9	16.9	12.1	10.4		16	10
2011	10.9	12.9	17.1	19.4	21	22.4	20.8			13.5	11.2	12		16.1	10
2012		12.8	16.6	18.4		21	20	20.8			14.8			17.8	7
2013	10.8	13.6	13.8	15.3	16.7	17.1	16.6	18	17	16.1	13.6	13		15.1	12
2014	10.5	14.5	15	17.4	19.8	21.6	19.6	20.1	17.9	16.1	11.8	11.3		16.3	12
2015	12.6	12.4	14.4	17.3	20	19.9	19.3	20.1	18.8	16.6	17	12.2		16.7	12
2016	10.4	13.6	14.9	18.6	21.1	20	20.2	20	19.2	17.8	14.2	12.2		16.9	12
2017	10.8	13.9	17	19.6	22.1	23.3	21.1	20.9	18.5	17.4		11.9		17.9	11
2018	11.8	15.1	17.9	19	21.9	22.1	21.7	21	19.4	17.6	14.3	11.5		17.8	12
2019	13.8	15.8	18.4	20.3	21.9							12		17	6
2020	10.6	13.6	18.8	21.1	23	22.1	20.1	20.5	18.3	16.2	15.2	13.6		17.8	12
2021	11.7	13.9	14.6	18.6	20.6	20.3	19	19.5	19		14.9	14.1		16.9	11
2022	13.4	13.5	16.1	19.8	22	21.4			19.6	16.3	15.6	14.1		17.2	10
2023	12.8	15.4	18.7	20.1	20.6	24.1	23.2							19.3	7
2024	10	11.5	16.1	20.8	23.1	22.5	20.2	20.8						18.1	8
MÍNIMA	7.8	8.8	10.3	8.2	15.3	17.1	16.6	16.8	15.2	12.4	10.8	7.2		13.7	3
MÁXIMA	14.4	15.8	19.9	21.1	23.4	24.2	23.2	22.1	21.2	20.4	18.6	14.1		19.3	12
MEDIA	10.9	12.4	15	17.5	20	20.9	19.7	19.4	18.3	16.1	13.5	11.3		16.2	10.9
DESV.ST	1.5	1.7	2	2.3	1.8	1.7	1.7	1.4	1.4	1.6	1.5	1.4		1.3	2.2
