COMISIÓN NACIONAL DEL AGUA
COORDINACIÓN GENERAL DEL SERVICIO METEOROLÓGICO NACIONAL
BASE DE DATOS CLIMATOLÓGICA NACIONAL 

ESTADÍSTICA MENSUAL
EMISIÓN   : 13/09/2024 

DATOS DISPONIBLES EN LA BASE DE DATOS A: SEPTIEMBRE DE 2024; 
CON LA INFORMACIÓN SUMINISTRADA POR LAS UNIDADES ADMINISTRATIVAS 

 ESTACIÓN  : 32028 
 NOMBRE    : JUAN ALDAMA 
 ESTADO    : ZACATECAS 
 MUNICIPIO : JUAN ALDAMA 
 SITUACIÓN : OPERANDO 
 CVE-OMM   :   
 LATITUD   : 24.28166667 ° 
 LONGITUD  : -103.3977778 ° 
 ALTITUD   : 1999 msnm 


LLUVIA MÁXIMA 24 H.
AÑO	ENE	FEB	MAR	ABR	MAY	JUN	JUL	AGO	SEP	OCT	NOV	DIC	ACUM	PROM	MESES
1963								16.4	19.6		2.6	18.9	57.5	14.4	4
1964	9.8	0	0	0		6.5	29	15	29.5	10.8	3.8	0	104.4	9.5	11
1965	0	6.9	0	9.5	5.4	21	9.6	29.4	29.9	0	8.5	37.7	157.9	13.2	12
1966	6	0	7.5	0	30	20	18.4	30	31.7	7.4	7.5	0	158.5	13.2	12
1967	13	5.5	10	0	20	0	25	36.5	8.2	10	8.5		136.7	12.4	11
1968		0	34	5	0	7.5	24.5	33	39	24	0	26	193	17.5	11
1969	0	0	0	0	0	24	20	12	32.5	4.5	0	9.5	102.5	8.5	12
1970	0	10.5	0	0	10.5	35.5	26	51.5	66	52	0	0	252	21	12
1971	0	0	0	0	23	20	16	38	40	28	0	0	165	13.8	12
1972	0	0	0	0	10.5	40	27	18.5	45	24.5	0	0	165.5	13.8	12
1973	18	13	0	0	23	20	40	50			0	10	174	17.4	10
1974	0	0	0	0	14.5	0	12.5	43.5	16.5	11.5	8.5	8	115	9.6	12
1975	6.5	0	0	0	0	30.5	48.5	27.7	9	3.6	0	19	144.8	12.1	12
1976	0	0	0	0	0	20	56.5	5.5	80	12.5	29.5	3.5	207.5	17.3	12
1977	11.5	0	0	0	0	46.5	9.5	34.5	0	39.5	0	0	141.5	11.8	12
1978	0	0	0	0	6.5	12.7	53.5	48.5	73.5	28.5	0	0	223.2	18.6	12
1979	0	0	0	0	4	26.5	40	63.5	14	0	14.5	36.5	199	16.6	12
1980	0	9.5	0	0	0	0	0	28.5	34.5	28.5	9.5	6.5	117	9.8	12
1981	9.5	6.5	0	0	0	57.5	78.5	23.5	25.5	6	0	17.5	224.5	18.7	12
1982	0	0	0	8	0	17.5	19	17	9	8.7	49.4	13.5	142.1	11.8	12
1983	4	0	0	0	38	7.5	19	74.5	15	31.5	6	0	195.5	16.3	12
1984	17	0	0	0	12.8	29.5	25.5	47	10.5	9.2	0	10.6	162.1	13.5	12
1985	11.5	0											11.5	5.8	2
1987			0	9	12	20						4.5	45.5	9.1	5
1988	0	0	0	6.2	2	25.2	71.7	31.5	19	2.9	0	1.7	160.2	13.3	12
1989	0	0	0	0	0	0	8.3	31.3	34.7	22.5	25.7	9.5	132	11	12
1990	7.6	2.3	2.5	0	2.6	26.5	44.5	34.4	27.3	26.7	0.01	0	174.41	14.5	12
1991	0	0	0	0	0	11.7	49.3	16.8	31.5	5.4		12.5	127.2	11.6	11
1992	6	21.3	3.6	3.8	21.4	8	20	20.4	15.5	9	4	5	138	11.5	12
1993	0	0	0	3.5	17.5	20	8.5		19.5	13	20	0	102	9.3	11
1994	7	0	5	12	12	9	23	16	18	14.5	10.5	7.2	134.2	11.2	12
1995	1.5	2	0	0	0	30	19.5	27.5	34	0	0	4	118.5	9.9	12
1996	8	1	0	8.5	3.5	16.5	20	30	20	40	13	0	160.5	13.4	12
1997	19.5	9.5	8	2	7.5	35.5	17	5	8.2	39.1	12.5	1.5	165.3	13.8	12
1998	0	1	0.2	2	0	7.5	38.7	37.7	19.5	11	7.4	0	125	10.4	12
1999	0	0	0	0	0	51.1	8.2	15.5	9.2	1.3	0	9.8	95.1	7.9	12
2000	0	1.5	0.3	2.8	11.4	42.5	16.7	21.3	33.5	4.7	5	0.5	140.2	11.7	12
2001	0.5	2.5	7.9	4.7	5.5	24		12.7	18.8	14.2	1	0.6	92.4	8.4	11
2002	5.6	17.3	0.01	3.5	7.6	14.1	7.5	22.4	49.7	26.8			154.51	15.5	10
2003	1.4	5.2	0.5	0.8	7	31.5	28.6	29.5	71.4	19	1	0	195.9	16.3	12
2005	7.2	28.7	1.6	5.6	3.6	5	18.5	22.5	8.9	8.3	2.6		112.5	10.2	11
2006	23.5	0	0.01	5.2	20.6	20.3	20.5	20.6	36.5	27	31.5	16.1	221.81	18.5	12
2007	3.9	0.3	0.01	5.3	0.01	30.7	44.9	24.6	32.3	0	0.3	0	142.32	11.9	12
2008	0	7.5		21.8	1.7	32.4	27.9	42.1	51.8	1.2	0		186.4	18.6	10
2009	0.5	0	3					20.6	46	16.9	10.5	6.5	104	13	8
2010	2.5	18.5	2.4	0.01	0.3	21.3	37.4	4.7	40.3	0.01	0	0	127.42	10.6	12
2011	0	0	0.01		4.1	7	31.8	22.8	16	6.9	0		88.61	8.9	10
2012		5	0.01		3.9	14.9	14.9	21.4	18.1	4.9	1.9		85.01	9.4	9
2013	3.7	0	0.01	0.01	0.5	5.3	23.7	13.3	46.7	40.6	7.3	10.2	151.32	12.6	12
2014	7.9	0	2.3	0.01	7.6	40.6	36.4	27.6	53.2	22.5	28.7	3.2	230.01	19.2	12
2015	14.5	28	21.5	11.5	1.5	25.5	49.6	13.9	38.4	26.7	1.6	0	232.7	19.4	12
2016	12.1	4.2	0.01	0.01	16.2	22.6	5.9	51.4	11	1.8	17.4		142.62	13	11
2017	0	0	16.4		1.2	11.9		23.7	33.3	7.2	0.01	10.8	104.51	10.5	10
2018	4.8	11			46.5	22.4	20.8	40.6	41.9	19.7	6.9	1.4	216	21.6	10
2019	2.6	0	0	0	0	15	14.5	37.7	28.1		22	21.7	141.6	12.9	11
2020	16.5	8.3	0	6.6	10.8	29.1	74.3	26.1	38.8	0	0	2.2	212.7	17.7	12
2021	0.01	0	0	0.01	28.2	35.5	18.1	49.9	15.6	29	0.01		176.33	16	11
2022	0	0	0	8.3	0.8	20.5	27	31.5	34.5	14.1	0.1		136.8	12.4	11
2023	0	0	157.8	4.9	7	14.14	19.3		48			0	251.14	27.9	9
2024		24	0	0	4.5	20	31	1.5					81	11.6	7
MÍNIMA	0	0	0	0	0	0	0	1.5	0	0	0	0	11.5	5.8	2
MÁXIMA	23.5	28.7	157.8	21.8	46.5	57.5	78.5	74.5	80	52	49.4	37.7	252	27.9	12
MEDIA	4.8	4.3	5.1	2.8	8.3	21.2	27.7	28.4	30.3	15.4	7	7.1	149.3	13.5	10.9
DESV.ST	6.2	7.4	21.6	4.4	10.4	13	17.4	14.7	17.7	13	10.4	9.2	50.6	4	2

LLUVIA TOTAL MENSUAL
AÑO	ENE	FEB	MAR	ABR	MAY	JUN	JUL	AGO	SEP	OCT	NOV	DIC	ACUM	PROM	MESES
1963								76.6	94.5		7.4	29.5	208	52	4
1964	9.8	0	0	0		16.5	76.3	54.8	125.3	33.4	3.8	0	319.9	29.1	11
1965	0	6.9	0	13	8.6	27	40.5	75.3	162.4	0	16.5	54.7	404.9	33.7	12
1966	6	0	7.5	0	36	53.7	49.1	162.7	93.3	11.9	7.5	0	427.7	35.6	12
1967	44	5.5	10	0	20	0	56.3	168.1	22	21.7	8.5		356.1	32.4	11
1968		0	55.5	5	0	7.5	72.7	118.2	189	61	0	26	534.9	48.6	11
1969	0	0	0	0	0	31	44.5	42	109.5	4.5	0	9.5	241	20.1	12
1970	0	10.5	0	0	10.5	87.6	26	136	162	63.5	0	0	496.1	41.3	12
1971	0	0	0	0	23	60	24	201	40	35	0	0	383	31.9	12
1972	0	0	0	0	16	98	93.5	58.5	129.7	24.5	0	0	420.2	35	12
1973	18	18.5	0	0	35.3	63.4	145.8	223.5			0	10	514.5	51.5	10
1974	0	0	0	0	14.5	0	46.4	151.5	81.2	11.5	10.5	18	333.6	27.8	12
1975	6.5	0	0	0	0	61.3	139.9	121.7	9	5.6	0	19	363	30.2	12
1976	0	0	0	0	0	48.3	207.3	5.5	158.7	19	85	6	529.8	44.1	12
1977	11.5	0	0	0	0	140.5	21	99	0	45	0	0	317	26.4	12
1978	0	0	0	0	13	31.5	138.2	207.1	194.6	58	0	0	642.4	53.5	12
1979	0	0	0	0	4	60.5	99	147	14	0	14.5	52.5	391.5	32.6	12
1980	0	25	0	0	0	0	0	93.2	81.3	41	9.5	6.5	256.5	21.4	12
1981	9.5	6.5	0	0	0	138.5	106	94.8	57.5	6	0	17.5	436.3	36.4	12
1982	0	0	0	10.4	0	17.5	60	47.2	16.5	29.2	49.42	18	248.22	20.7	12
1983	6	0	0	0	80	10	36	265	85.6	34.5	8.5	0	525.6	43.8	12
1984	17	0	0	0	12.8	127.2	134.7	131.8	43.7	26.2	0	10.6	504	42	12
1985	22	0											22	11	2
1987			0	11.6	20.2	70						9.6	111.4	22.3	5
1988	0	0	0	14.3	4.3	103.5	257.9	218.4	44.6	2.9	0	1.7	647.6	54	12
1989	0	0	0	0	0	0	41.7	154	62.2	50.7	52.6	21.8	383	31.9	12
1990	8.61	4.12	2.5	0	3	37.01	183.72	141.24	156.22	57.11	0.02	0	593.55	49.5	12
1991	0	0	0	0	0	18.03	347.55	64.81	90.7	20.82		18.91	560.82	51	11
1992	24.7	93.3	5	3.8	34.92	13.92	57.3	64.6	40.5	20.3	14	5	377.34	31.4	12
1993	0	0	0	3.5	22	46.5	44.1		69.7	14.3	49	0	249.1	22.6	11
1994	7	0	5	21	13.5	41	104	84.5	45	23.5	12.2	15	371.7	31	12
1995	1.7	2	0	0	0	51.1	80.5	158	36.5	0	0	5	334.8	27.9	12
1996	15	1	0	8.5	3.5	59.5	41	132	52.5	86	13	0	412	34.3	12
1997	23.5	12.5	8	4	10	60.8	48.5	22.2	26.03	47.58	24.61	1.5	289.22	24.1	12
1998	0	1	0.21	2	0	27.37	49.56	127.83	66.53	35.47	12.1	0	322.07	26.8	12
1999	0	0	0	0	0	165.9	59.4	28.8	35.2	1.51	0	12.4	303.21	25.3	12
2000	0	1.5	0.3	2.8	28	201.9	51.9	81.4	53.3	21.4	5.63	0.82	448.95	37.4	12
2001	0.54	3.1	15.3	9.15	21.75	31.66		88.86	49.67	21.95	1.52	0.81	244.31	22.2	11
2002	5.6	26.43	0.01	6.13	16.91	40.9	22.62	120.37	98.53	38.32			375.82	37.6	10
2003	3.51	8.21	0.51	1.52	7.06	141.05	117.79	91.92	236.44	42.15	1.01	0	651.17	54.3	12
2005	15.71	51.76	2.54	6	3.62	8.83	85.53	55.01	18.61	33.34	3.62		284.57	25.9	11
2006	38.21	0	0.03	5.2	50.23	71.46	61.6	105.71	138.25	47.59	31.51	26.62	576.41	48	12
2007	8.04	0.31	0.04	5.34	0.09	130.43	139.11	53.5	133.98	0	0.35	0	471.19	39.3	12
2008	0	8.1		29.41	2.48	66.07	113.6	219.78	139.67	1.24	0		580.35	58	10
2009	0.54	0	3.34					64.27	206.96	63.5	16.11	6.5	361.22	45.2	8
2010	5.53	27.82	2.43	0.03	0.39	41.5	175.91	11.26	140.67	0.03	0	0	405.57	33.8	12
2011	0	0	0.02		7.14	7.03	59.62	68.4	41.8	11.62	0		195.63	19.6	10
2012		7.51	0.04		5.26	26.9	44.04	82.84	63.35	11.92	3.03		244.89	27.2	9
2013	6.24	0	0.01	0.02	0.9	11.7	144.34	47.04	198.54	58.07	17.57	31.03	515.46	43	12
2014	7.93	0	2.31	0.02	9.96	135.23	84.89	142.35	173.34	40.95	63.52	3.91	664.41	55.4	12
2015	22.46	64.02	52.94	19.95	2.28	153.97	158.94	37.06	85.55	51.74	1.85	0	650.76	54.2	12
2016	12.42	4.23	0.03	0.03	18.99	41.67	22.39	213.06	19.87	2.11	33.82		368.62	33.5	11
2017	0	0	19.96		1.87	20.93		161.64	115.55	14.03	0.02	20.76	354.76	35.5	10
2018	8.44	20.5			61.28	104.56	48.8	103.18	224.85	42.5	12.7	1.6	628.41	62.8	10
2019	5.62	0	0	0	0	54.2	44.2	81.3	78.5		32.3	25.6	321.72	29.2	11
2020	19.1	8.4	0	6.61	11.18	64.29	306.47	63.23	120.76	0	0	2.2	602.24	50.2	12
2021	0.02	0	0	0.03	59.73	93.65	96.9	164.78	79.76	53.69	0.03		548.59	49.9	11
2022	0	0	0	13.3	0.8	67.5	64.5	177.7	153.4	33.5	0.1		510.8	46.4	11
2023	0	0	157.8	8.8	12.8	14.34	51.9		52.3			0	297.94	33.1	9
2024		45.8	0	0	6	60.7	145.3	1.5					259.3	37	7
MÍNIMA	0	0	0	0	0	0	0	1.5	0	0	0	0	22	11	2
MÁXIMA	44	93.3	157.8	29.41	80	201.9	347.55	265	236.44	86	85	54.7	664.41	62.8	12
MEDIA	7.1	8	6.3	4	12.7	59	92.1	109.2	93.2	27.9	11.5	10	406.6	36.9	10.9
DESV.ST	9.9	17.5	23.2	6.4	17.3	48	70.5	61.9	60.8	21.6	18.4	13.2	144.4	11.7	2

EVAPORACIÓN MENSUAL
AÑO	ENE	FEB	MAR	ABR	MAY	JUN	JUL	AGO	SEP	OCT	NOV	DIC	ACUM	PROM	MESES
1969							34.5						34.5	34.5	1
1999									145.7	168.4	139	134.5	587.6	146.9	4
2000	164.7	189.4	287.5	278.4	292	197.3	278	185.3	168.8	153.2	150.95	122.59	2468.14	205.7	12
2001	150.48	172.4	237.19	299.73	277.37	274.87		218.25	177.81	177.22	147.55	132.83	2265.7	206	11
2002	164	146.85	284.32	270.48	305.54	265.99	97.15	197.15	159.09	179.68			2070.25	207	10
2003	135.06	175.37	266.65	284.65	288.53	238.38	187.56	193.6	115.53	109.83	142.91	135.7	2273.77	189.5	12
2005	131.17	155	257.44	252.73	312.54	340.97	236.03	169.1	175.85	157.45	144.41	13.06	2345.75	195.5	12
2006	142.99	159.18	258.98	316.63	283.78	253.62	209.07	167.05	137.39	126.52	119.6		2174.81	197.7	11
2007			233.39	274.45	315.54	216.67	166.82	185.81	164.77	160.28	140.88	149.32	2007.93	200.8	10
2008	151.37	191.57		259.83	288.27	244.27	196.27	146.89	97.07	122.27	108.31		1806.12	180.6	10
2009	121.95	159.38	209.03					193.03	110.82	133.04	112.6	114.34	1154.19	144.3	8
2010	111.21	101.8	151.08	151.63	286.53	264.44	188.33	222.69	156.92	165.4	148.36	124.92	2073.31	172.8	12
2011	153.26	152.76	230.47		297.79				183.61	163.47	133.9		1315.26	187.9	7
2012			236.55		264.18	259.74	193.53	145.67	142	162.27	121.58		1525.52	190.7	8
2013	124.68	168.71	211.82	263.27	269.67	282.8	174.62	199.92	131.5	136.51	98.23	112.65	2174.38	181.2	12
2014	100.77	171.55	227.11	186.69	245.39	234.18	194.53	146.87	108.52	129.09	82.27	103.74	1930.71	160.9	12
2015	103.26	106.35	130.33	180.97	232.42	172.69	145.56	174.84	147.89	113.18	95.66	134.72	1737.87	144.8	12
2016	104.76	129.26	217.8	218.54	256.74	220.48	202.34	148.33	101.28	87.63	82.08		1769.24	160.8	11
2017	125.07	138.34	174.46		278.77	263.6		155.09	94.03	122.6	115.75	81.31	1549.02	154.9	10
2018	101.25	113.73			261.02	178.14	192.24	174	120.07	114.49	96.47	110.19	1461.6	146.2	10
2019	82.65	156.56	191.6	145.93	280.65	220.79	184.69	217.55	136.76		83.72	94.43	1795.33	163.2	11
2020	89.46	142.62	208.19	268.55	265.92	242.09	190.14	176.5	124.24	163.73	120.18	97.47	2089.09	174.1	12
2021	106.77	147.67	201.81	248.54	226.36	182.59	152.63	141.61	107.35	107.64	92.37		1715.34	155.9	11
2022	95.1	140.97	240.39	257.84	305.84	208.29	218.73	146.81	126.21	110.64	135.91		1986.73	180.6	11
2023			223.01	234.65	242.23	297.98	204.57		173.32			7.2	1382.96	197.6	7
2024		123.78	235.91	238.3	209.8	243.06	274.69	137.62					1463.16	209	7
MÍNIMA	82.65	101.8	130.33	145.93	209.8	172.69	34.5	137.62	94.03	87.63	82.08	7.2	34.5	34.5	1
MÁXIMA	164.7	191.57	287.5	316.63	315.54	340.97	278	222.69	183.61	179.68	150.95	149.32	2468.14	209	12
MEDIA	123	149.7	223.4	243.8	273.3	241	186.8	174.7	137.8	139.3	118.8	104.3	1736.9	172.7	9.8
DESV.ST	25.3	24.9	38.7	47.5	28.2	40.7	52.6	26.7	27.7	26.6	23.5	40.9	547	35.4	2.7

TEMPERATURA MÁXIMA PROMEDIO
AÑO	ENE	FEB	MAR	ABR	MAY	JUN	JUL	AGO	SEP	OCT	NOV	DIC	ACUM	PROM	MESES
1963								29.6	25.6		23.3	19.1		24.4	4
1964	18.3	21.5	24.6	30.7		31.3	30.9	30.6	28	23.6	24.2	21.3		25.9	11
1965	20.5	21	27.6	29.6	32.5	33.2	29.9	28.5	27.6	25.6	26.4	19.6		26.8	12
1966	17.4	20.6	26.4	28.4	31.7	32.6	31.2	28.3	28.5	26.3	25.2	19.4		26.3	12
1967	18.4	23.6	28.3	32.3	32.4	31.9	30.4	26.4	25.6	23.9	25.7			27.2	11
1968		21.3	23.4	28.6	32.2	33.3	28.6	28.8	25	27.6	24.1	20.1		26.6	11
1969	22.2	23.5	24.8	29.7	31.9	34.9	30.7	29.8	27.3	27.7	24.3	21.4		27.4	12
1970	21.4	22.6	25	31.7	32.6	31	29	30.4	26.9	27.8	23.8	25.7		27.3	12
1971	23.6	25.2	29.3	31.1	33.6	32.1	31	29.1	29.2	27.7	26.1	23.5		28.5	12
1972	22.3	23.7	29.6	33.8	32	31.3	28.8	29.6	27.7	28.4	27.4	25		28.3	12
1973	20.5	24.1	26	29.2	32.3	32.4	30.3	28.1			24.3	23.4		27.1	10
1974	26.2	26.3	30.7	32	35.4	36	31.3	30.1	28.6	27	24.4	20		29	12
1975	19	22.3	28.1	31.8	32.5	33.7	29.4	28.5	27.8	26.4	23.7	19.2		26.9	12
1976	22	23.4	27.5	28.4	33.6	34.8	25.8	27.5	26.5	23.6	18.3	17		25.7	12
1977	19.7	20.4	27.1	27.7	30.7	29.7	29.7	28.9	30.4	28.9	24.4	22.1		26.6	12
1978	20.9	20.7	28.1	26.8	32.1	31.8	29.4	26.3	25.2	22.7	23.2	21.6		25.7	12
1979	18.2	21.3	25.1	29.9	31.1	31.3	30.6	27.8	28.3	27.5	24.3	19		26.2	12
1980	21.9	22.6	26	27.4	32.3	34.9	33.5	30.4	28.4	24.9	20.4	23		27.1	12
1981	20	23	24	26.2	30.7	30.9	30.4	29.2	27.4	28.1	26.1	22.4		26.5	12
1982	23.5	25.5	29.8	31.7	32.2	34.7	29.6	30	29.1	28.5	23.5	20		28.2	12
1983	19.1	22.8	25.4	29.8	30.8	32.8	28.4	31.7	27.6	28.6	26	23.7		27.2	12
1984	22	22.4	27.8	30.4	30.9	30.1	24.6	26.7	25.5	27.6	24.7	23		26.3	12
1985	18.2	23.2												20.7	2
1987			24.8	27.2	28.5	30.6						21.4		26.5	5
1988	20.4	22.6	24.6	28	32.6	29.9	26.8	26.9	28	26.4	26.7	22.7		26.3	12
1989	23.1	25.5	26.2	28.9	32.8	33.5	30	28.3	27.9	27.4	24.2	19.9		27.3	12
1990	21.7	20.9	26.8	29.2	32.2	32.4	26.7	27.4	26	25.9	25.3	22.9		26.4	12
1991	21.2	22.4	28.5	29.7	33.2	32.2	25.2	28.6	25.5	24.5		23.1		26.7	11
1992	19.2	15.8	24.9	27.4	29	33.1	29.8	28.1	26.5	23.5	20.6	21.1		24.9	12
1993	19.2	22.1	23.9	27.9	30.4	30.9	30.4		23.2	24.1	22	20.7		25	11
1994	18.2	23.1	25.4	28.4	32.2	30.9	30.6	27.1	25.3	23.8	23.6	19.8		25.7	12
1995	19.5	21.7	24.8	29.5	34.2	33.7	30	28	26.7	24.5	22.5	18.4		26.1	12
1996	20.5	23.3	24.5	28.5	34.4	31.8	31.2	28.2	26	22.2	20.2	20.1		25.9	12
1997	19	21.2	24.2	23.3	26.5	29.6	27.6	28.6	26.5	23.6	22.9	18.6		24.3	12
1998	20.3	20.9	25.3	29.1	32.7	32	30.3	26.7	24.5	25.3	23.6	22.3		26.1	12
1999	21.7	23.8	25.9	30.2	31	29.6	26.5	28	27	24.6	22.2	19.6		25.8	12
2000	22.6	24.3	26.5	29.1	30.6	25.8	28.1	26.2	26.2	25.2	23.2	21.8		25.8	12
2001	20	23.3	23.1	30	28.1	28.9		26.9	25.8	25	22	20.4		24.9	11
2002	21.3	20.6	25.9	29.6	31.1	28.7	27	26.4	25.3	26.1				26.2	10
2003	19.9	22	24	27.5	31.9	29.5	24.6	25.3	23.6	22.9	24.6	20.9		24.7	12
2005	21.2	20.3	23.2	26.7	29.8	32.4	29.4	27.1	27.9	24.8	23.5			26	11
2006	20.6	23.2	27.2	31.1	29.1	28.3	25.5	25.4	25.2	24.3	21.9	19		25.1	12
2007	19.3	21.8	25.5	27.5	29.5	28.4	25.8	26.6	25.5	25	24.1	22.3		25.1	12
2008	21.4	26		29	29.9	29.4	26.2	24.9	22	23.5	21.7			25.4	10
2009	22	24.2	25.6					27.4	23.6	24.3	20.5	19.9		23.4	8
2010	18.5	18.1	22.5	27.3	31.9	30.6	25.6	28.7	25.3	25.6	22.3	21.7		24.8	12
2011	21	24.1	27.9		32.3	30.9	28.6	29.2	26.6	25.8	23.4			27	10
2012		23.1	26.5		31.1	29.9	27.4	27.2	25.4	26.4	23.9			26.8	9
2013	19.6	24	24.3	29.2	30.2	31.1	25.7	27.1	24.4	25.6	19.9	21		25.2	12
2014	18.5	25.2	25.3	27.2	29.5	28.7	26.2	25.5	23.8	25.1	19.5	21.2		24.6	12
2015	18.6	20.2	20.9	26.1	28.7	27	25.4	27.2	26.5	24.6	24.6	22		24.3	12
2016	19.2	23	27.8	27.6	30.4	29	29.1	24.3	24.2	24.8	21.2			25.5	11
2017	22.7	24.7	25.9		31.6	30.8		25.8	23.7	24.9	24.9	19.9		25.5	10
2018	20.6	22.4			30.5	29	27.8	27.3	24.1	23.8	20.4	20.3		24.6	10
2019	22.1	25.3	27.2	27.9	30.9	30.3	28.1	29.4	26.2		22.8	21.5		26.5	11
2020	19.9	23.4	28.6	30.9	30.2	30.1	27.1	27.1	24.1	26.5	25.1	22.1		26.3	12
2021	21.6	25.5	27.6	29.2	29.8	27.6	25.2	26.1	25.1	25.4	23			26	11
2022	22.9	23.3	27.6	30.8	32.8	30.1	29.6	27.6	25.6	25	25.9			27.4	11
2023			28.4	29	30.2	34.5	30.5		30.6			20.1		29	7
2024		25.1	28	30.7	34.8	32.8	27.2	30.4						29.9	7
MÍNIMA	17.4	15.8	20.9	23.3	26.5	25.8	24.6	24.3	22	22.2	18.3	17		20.7	2
MÁXIMA	26.2	26.3	30.7	33.8	35.4	36	33.5	31.7	30.6	28.9	27.4	25.7		29.9	12
MEDIA	20.6	22.8	26.1	29.1	31.4	31.2	28.5	27.9	26.2	25.5	23.4	21.1		26.1	10.9
DESV.ST	1.7	1.9	2	1.9	1.7	2.1	2.1	1.6	1.8	1.7	2	1.8		1.4	2.1

TEMPERATURA MÁXIMA EXTREMA
AÑO	ENE	FEB	MAR	ABR	MAY	JUN	JUL	AGO	SEP	OCT	NOV	DIC	ACUM	PROM	MESES
1963								33	31		29	23		29	4
1964	25	28.5	31.5	34		37	33	34	30.5	30	29	29.5		31.1	11
1965	25.5	27	32	34	37.5	37.5	33	32.5	32	31	30.5	27		31.6	12
1966	21.5	25.5	36	34	37.5	38	33	33.5	32	31	28.5	27		31.5	12
1967	27	30	33	35.5	39	35	34	33	31.5	30	28			32.4	11
1968		29.5	33	33	37	37.5	32	34	29	32	28	26.5		32	11
1969	28	28	31	33	34	38	37	33	30	32	30	28		31.8	12
1970	27	29	30	36.5	36	38	34	34	33.5	31	29	29		32.2	12
1971	28	30	34	36	37	37	35	33	32	31	31	27		32.6	12
1972	27	30	35	36	37	37	33	33	33	36	30	30		33.1	12
1973	25	30	29	33	37	38	36	35			29	31		32.3	10
1974	30	30	34	35	38	37	36	35	35	32	30	28		33.3	12
1975	26	25	31	35	35	37	35.5	32.5	32	30	27	27		31.1	12
1976	30	30	30.5	32	36	37.5	35	31	31	37	24	21		31.2	12
1977	25	24	34	32	33	36	39	33.5	33	33	31	29		31.9	12
1978	26	26	31	31	36	36	37	30	29	27	27	27		30.2	12
1979	23	26	30.5	33	34	34	34	31	31	31	27.5	23		29.8	12
1980	26	26	29	31	36.5	36.5	36	35	32	29	27	27		30.9	12
1981	24	26	29	31	34	36	34	34	32	32	30	27		30.8	12
1982	28.5	30.5	34.5	35.5	38	39.5	33	32.5	33	32	28	25		32.5	12
1983	26	27	31	37	38	36.5	32	35	33	32.5	31	29		32.3	12
1984	30	29	35	37	35	36.5	28.5	30	29.5	30	29.5	28		31.5	12
1985	26	26.5												26.2	2
1987			29.5	32.5	33	35						26		31.2	5
1988	27	30	31	34	35	35.5	31.5	31.5	31	30	30.5	28		31.2	12
1989	26.5	29.5	31.5	32.5	37.5	38.5	35	32.5	31.5	32.5	29	30		32.2	12
1990	26	26	30.5	32	38	37.5	30	30.5	29.5	31	29	27.5		30.6	12
1991	28.5	28.5	33	34	36.5	36.5	30	32	29	29		27.5		31.3	11
1992	25.5	21	29	32.5	32	36.5	35	32.5	30	26.5	24	25		29.1	12
1993	23	26	28	33	35	36	33		29	28.5	27	25		29.4	11
1994	22	27	32	33	34	34	34	32	28.5	29	26	24		29.6	12
1995	24	24	32	34	38	38	33	32	30	28	27	23		30.2	12
1996	24	28	29	33	38	34	34.5	33.5	28	26	26	25		29.9	12
1997	24	27	35	29	31	33	29	32	30	29	27	25		29.2	12
1998	24	28	31	32.5	35.5	35	33	31	30	29	27	26.5		30.2	12
1999	26.5	27.5	28.5	33.5	33	35	29.5	30.5	30	29	25	24		29.3	12
2000	29	28.5	29.5	33	33.5	31	30	30	30	29.5	29	25.5		29.9	12
2001	24	27.5	28	34	33	32.5		30	30	29	25.5	25.5		29	11
2002	27	26.5	31.5	35	34	33	32	30	29.5	30				30.9	10
2003	25	27.5	30	32	35	32.5	29	30.5	27.5	29	28	23.5		29.1	12
2005	26	26	31	30	34	36	33	31	30	29.5	27.5			30.4	11
2006	26	28	30	33.5	32	34	30	30	32	29	26	25		29.6	12
2007	24.5	28	31	31	32	34	29.5	29	28	30	27	25		29.1	12
2008	25	29.5		32.5	35	35	30	29	26	27	25.5			29.4	10
2009	28	30	30.5					30	27.5	30	25	25.5		28.3	8
2010	26	25	26	30	35.5	34	29	32	30	29.5	27	29		29.4	12
2011	26	29.5	31		36.5	34.5	31.5	31.5	30.5	31	31			31.3	10
2012		29	30		35.5	34	31	31	28.5	30	27			30.7	9
2013	25	27	30	32	34	34	29	31	28.5	27.5	25	25		29	12
2014	25	28	30	30	33	33	30	29	27	28	24	25		28.5	12
2015	25	28	28	29	32	32	29	29	31	28	29	26		28.8	12
2016	31	29	31	31	33	33	32	29	27	28.5	28			30.2	11
2017	27	28	30		36	34		29	28	28	30.5	26.5		29.7	10
2018	25	27.5			36	36	32	29	28	28.5	27	26		29.5	10
2019	27	31	31	32	35	32	30	32	30		27	27.5		30.4	11
2020	27	29	35	34	33	35	31	30	28	30	29	27		30.7	12
2021	28	31	31	34	34	34	29	30	28	30	27			30.5	11
2022	27	30.2	32.2	34.1	35.2	33.2	33.7	29.2	27.5	29	28.6			30.9	11
2023			31.9	31.7	33.3	36.8	33		33.3			22.7		31.8	7
2024		30.9	32.3	36.6	39	38.7	31.6	32.2						34.5	7
MÍNIMA	21.5	21	26	29	31	31	28.5	29	26	26	24	21		26.2	2
MÁXIMA	31	31	36	37	39	39.5	39	35	35	37	31	31		34.5	12
MEDIA	26.1	27.9	31.2	33.1	35.2	35.5	32.5	31.6	30.1	30	27.9	26.3		30.6	10.9
DESV.ST	2	2	2.1	1.9	2	2	2.5	1.8	2	2.1	1.9	2.1		1.4	2.1

TEMPERATURA MÍNIMA PROMEDIO
AÑO	ENE	FEB	MAR	ABR	MAY	JUN	JUL	AGO	SEP	OCT	NOV	DIC	ACUM	PROM	MESES
1963								15	13.9		6.3	5.8		10.2	4
1964	3.4	3.7	7.5	11.5		15	15.5	14.8	14.5	9	7.3	5		9.7	11
1965	3.8	2.4	6.4	10.2	13.8	15.8	14.2	14.5	14.2	7.2	8.3	5.9		9.7	12
1966	3.3	4	6.4	9.6	13.2	15.4	15.5	14.9	12.6	10	6.2	3		9.5	12
1967	1.7	4.1	8.5	12.3	13.7	15.9	14.9	14.5	12.7	9.2	7.3			10.4	11
1968		4.9	4.6	11.3	13.3	14.3	14.5	13.9	13.1	10.8	5.7	5.5		10.2	11
1969	4.7	5.2	6	9.4	12.8	15.9	15.9	16	14	12.3	8.1	4.7		10.4	12
1970	4.2	4.8	6.6	10.6	12.7	15.7	15.7	14.6	13.8	10.4	5.6	7.3		10.2	12
1971	7.1	6.2	8.4	9.4	13.4	14.9	14.5	13.8	13.6	11.6	7.9	6.5		10.6	12
1972	5	4.8	8.2	12	14.2	15	14.7	14.1	13.9	11.8	10.8	6.4		10.9	12
1973	3.3	4.2	6.7	8	11.6	14.6	14.7	13.9			8.3	5.1		9	10
1974	5.9	5	8.7	10.3	13.5	14.3	13.5	14.3	13.5	10.5	7.4	5.6		10.2	12
1975	3.6	4.5	8.9	12.7	13.7	15.2	14.8	14.2	11.5	9.9	7.3	3.8		10	12
1976	4	5.2	8.8	10.1	13.6	15.9	13.9	14.2	13.1	9.8	6.8	5.9		10.1	12
1977	7.2	4.5	9.5	8.8	13.5	14.2	13.6	14.9	15.2	14.2	10.2	6.5		11	12
1978	4.6	3.7	11.5	11	14	15.6	15.2	14.8	14.4	11.8	10	9.3		11.3	12
1979	4.8	7.4	8.7	13.6	12.7	15.7	16.5	14.7	12.9	10.7	8.2	3.7		10.8	12
1980	5.8	7.4	10.3	10.2	16.2	17.4	17.6	16.4	14.7	12.3	6.6	7.9		11.9	12
1981	6.6	8.9	8.9	10.9	13.6	16.3	16.1	16.3	13.8	12.6	7.4	5.5		11.4	12
1982	5.1	5.9	9.5	12.9	13.4	16.9	15.4	15.1	13.2	11.4	6.5	4.5		10.8	12
1983	3.9	2.3	5.5	8	13.9	15.3	15.1	14.4	14.3	11.6	8.2	5		9.8	12
1984	4.5	3.7	7.1	10.3	12.4	14.7	13.7	13.3	11.3	10.8	6.2	6.7		9.6	12
1985	3.8	5.1												4.4	2
1987			6.1	8.4	11.2	14.1						7.6		9.5	5
1988	3.2	5.7	7.2	10.3	13.3	15	14.9	14.8	12.5	10.2	7.9	5.5		10	12
1989	5.5	7.6	6.9	11	13.8	16	15	14.9	13	8.9	7.6	4.5		10.4	12
1990	6.5	6	9.2	11.6	14.6	16.7	15.1	14.2	13	10.4	7.5	6.8		11	12
1991	5.2	6.2	8.7	11.4	14	15.5	14.5	14.5	13.3	10.7		6.8		11	11
1992	7.1	5.6	7.6	9.4	12	16	12.8	21.5	12.6	9.4	5	6.6		10.5	12
1993	4	4.3	3.8	7.8	10.6	15.1	14.7		12.3	9.5	7.1	5.2		8.6	11
1994	2.6	4.5	5.8	8.8	14	15.1	14.6	13.6	12	10.1	8.9	6.1		9.7	12
1995	2.8	5.4	6.1	7.6	13.4	15.4	14.9	14.6	13.7	7.7	6	3.6		9.3	12
1996	1.5	5.1	4.3	7.1	14.5	14.6	15.2	13.8	12.9	8.7	5.6	2.5		8.8	12
1997	3.2	4.9	6.3	8.2	10.4	13.8	14.4	14	12.6	8.8	6.6	0.6		8.7	12
1998	0.7	1	4.7	7.8	12.3	16.2	14.9	14.7	12.1	11.1	7.3	3.8		8.9	12
1999	1.5	4.9	6.2	10.9	12.1	14.8	13.3	13.4	12.7	7.1	3.6	0.8		8.4	12
2000	3.1	4	7.1	8.5	13.7	14.2	13.6	12	11.9	9.3	6.8	3.6		9	12
2001	4.1	5.6	5.4	11.3	11.2	13.6		14.1	12.6	8.9	6	3.5		8.8	11
2002	2.8	3.8	7.3	11.8	13.7	14.6	14.3	13.7	11.3	10.3				10.4	10
2003	2.8	4.9	6.1	10.1	13.3	14.6	13.7	12.8	13.4	9.7	8.2	1.7		9.3	12
2005	3.9	5.5	5.5	7.3	11.1	13.9	14.5	13.5	12.9	10.7	5.2			9.5	11
2006	2.7	2.2	7.8	10.9	12.7	13.6	14.1	13.4	12.9	9.8	4.4	3.5		9	12
2007	3.1	3.1	7.1	7.8	11.7	14	13.5	12.8	12.2	6.8	5.1	4.3		8.5	12
2008	1.9	1.6		9.1	11.6	14.6	13.1	13.5	11.8	7.8	3.4			8.8	10
2009	4.3	4.3	6.5					13.8	12.8	9.8	3.9	2.8		7.3	8
2010	1.6	2.1	3.3	7.2	12	14.6	14.6	14.3	13.3	7.4	2.4	0.7		7.8	12
2011	1.6	2.8	7.3		11.4	13.8	14.4	14.3	12.3	9	4.3			9.1	10
2012		5.1	7		12.6	14.3	14.3	13.7	11.4	9.6	6.5			10.5	9
2013	3.3	4.2	4.8	8.3	12.1	14.7	14	13.5	13	10	7	5.3		9.2	12
2014	2.9	5.8	6.4	9.3	11	15	14.5	14.4	13.3	10.4	4.8	4.5		9.4	12
2015	5.6	5.6	6.4	9.7	11.8	14.7	14.1	13.6	12.8	10.3	9.9	4.5		9.9	12
2016	1.5	4	9.9	9.9	13.1	13.2	13	15.5	13.9	10.5	8.2			10.2	11
2017	6.1	2.1	7.9		12.5	15.3		14.8	13.9	10.1	5.9	4.8		9.3	10
2018	3	5.6			14.3	16.1	15	14.3	14	10.1	5.2	4.1		10.2	10
2019	5.1	7.3	7.4	8.9	11.2	15.5	15	16.1	13.5		8.8	3.9		10.2	11
2020	4	5.2	10.3	11.3	12.8	13.7	15.9	14.6	12.4	7.4	7.3	2.2		9.8	12
2021	1.5	5.9	6.7	10.2	13.3	15	15.1	14.8	13.3	9.9	6			10.2	11
2022	3.9	3.5	5.1	10.6	14.3	15.1	15.9	15.1	12.4	8.9	5.7			10	11
2023			7.6	10.2	12.4	16	16.5		14.7			4.5		11.7	7
2024		5.1	7.6	9.5	15.1	17.4	15.3	14.8						12.1	7
MÍNIMA	0.7	1	3.3	7.1	10.4	13.2	12.8	12	11.3	6.8	2.4	0.6		4.4	2
MÁXIMA	7.2	8.9	11.5	13.6	16.2	17.4	17.6	21.5	15.2	14.2	10.8	9.3		12.1	12
MEDIA	3.9	4.7	7.1	9.9	12.9	15.1	14.7	14.5	13.1	9.9	6.8	4.8		9.8	10.9
DESV.ST	1.6	1.5	1.7	1.6	1.2	0.9	0.9	1.3	0.9	1.5	1.7	1.9		1.2	2.1

TEMPERATURA MÍNIMA EXTREMA
AÑO	ENE	FEB	MAR	ABR	MAY	JUN	JUL	AGO	SEP	OCT	NOV	DIC	ACUM	PROM	MESES
1963								13	10		1	-5		4.8	4
1964	-4.5	-1	0	8		11	13	13	12.5	5	3.5	1		5.6	11
1965	-3	-5	-2.5	5.5	10	13.5	11	13	13	1.5	4	-3		4.8	12
1966	-2.5	0	1	6.5	7.5	13.5	14	10	8.5	4	1	-4.5		4.9	12
1967	-7.5	-4	5	8	10	9.5	13	9.5	9.5	1.5	3			5.2	11
1968		-1	-4.5	8.5	11.5	12	12	11.5	11	6	1.5	2.5		6.5	11
1969	2.5	1	-3	7	9	12	14	14	9	6.5	1	1		6.2	12
1970	1	-1	-1.5	7	9	12	13	11	8	4.5	-3.5	3		5.2	12
1971	4	2	-3	6	6	13	13	12	11	9	0	0		6.1	12
1972	2	1	4	10	11.5	12	13	12	11	9	7	0		7.7	12
1973	-5.3	1	1	1	5	12	13	10			1	-2.5		3.6	10
1974	-1	-1	5	7	9	11	11	12	9	7	-2	-2		5.4	12
1975	-5.5	-5	5	9	11	11	13	11	4.5	5	2.5	-4.5		4.8	12
1976	-2	-2	5	6	10	13	11	12	10	3	1.5	-2		5.5	12
1977	2.5	1.5	4	1	10	11	6	11	13.5	8	5	-2		6	12
1978	-2	-2	3	3	11	12	11	12.5	11	7	5	4		6.3	12
1979	-1.5	1	2.5	8	8	12	14.5	13	7	6	2	-8		5.4	12
1980	-3	1.5	6	-1	12	16	15	14	12	5	-1	-3		6.1	12
1981	-3	1	5.5	6	7.5	13	13.5	13.5	10	9	4	2		6.8	12
1982	-1.5	1.5	0.5	9.5	10	14	12.5	13	10.5	4	0.5	0		6.2	12
1983	-1.5	-1.5	0	1	10	12	11	12	10.5	6.5	5	-4.5		5	12
1984	0	0	1.5	5.5	9	11	11.5	8	7.5	8	1	3		5.5	12
1985	-6	1.5												-2.2	2
1987			0.5	4	6.5	11.5						4		5.3	5
1988	-4	-3.5	1	3	9	12	13	13	9	7	3	0		5.2	12
1989	0.5	0	0	7	9.5	13.5	13	13	5	4	4	0		5.8	12
1990	0	1	2	8.5	8.5	14.5	13.5	12.5	10	5	-1	0		6.2	12
1991	0	0	1	7.5	11.5	9.5	12.5	12.5	8.5	8		-1.5		6.3	11
1992	0.5	1.5	1.5	4	10	13.5	8.5	2.5	4	2	-5	1		3.7	12
1993	-0.5	1	-1	1	7.5	12.5	11		7	0	2	0		3.7	11
1994	-6	-2	0	3	9	12	12	5	7.5	5	6	-1		4.2	12
1995	-2.5	1	1	1.5	9	11	12	11.5	11	2	0	0		4.8	12
1996	-2	1	-3	2	11	12	13.5	12	10	5	-2.5	-6		4.4	12
1997	0	1	0	2	6	10	12	12	9	0.5	2	-14		3.4	12
1998	-4	-4.5	0	1	8	13	12	13	9	5.5	4	-4		4.4	12
1999	-3	0.5	-1	5	5.5	11	11	11	10	0.5	-1.5	-7		3.5	12
2000	-2.5	-4	3	0	10	13	11	9.5	6	5.5	-1	-5		3.8	12
2001	-6	-2	-0.5	7	7	10.5		9	9.5	4.5	-2	-7		2.7	11
2002	-5	-2	0.5	7.5	10	12.5	11.5	12	5	7				5.9	10
2003	-2	-2	-1.5	3	9.5	11	10	11	9	0.5	2	-5.5		3.8	12
2005	-3	3	-1	-2	7	11	11	12	10	6	-3			4.6	11
2006	-6	-6	4	6	6.5	9.5	12	10	11	1	-2	-5.5		3.4	12
2007	-2.5	-3.5	-3	2.5	7	12	11.5	11	8	-3.5	-1	-1.5		3.1	12
2008	-7	-4		3	6	12.5	11	11	5	4.5	-1.5			4	10
2009	-4	-3	1					9	10	4	0	-2		1.9	8
2010	-5.5	-6.5	-3	1	8	11	12.5	11	6.5	4	-4	-6		2.4	12
2011	-4	-11.5	2		8	11	12.5	11.5	8	4	-10			3.1	10
2012		-3.5	-2.5		8	12	11.5	9.5	6	5	3.5			5.5	9
2013	-7	-2	-4	1	4.5	13	12	10	10	3	-5.5	-2		2.8	12
2014	-3	2	-3	0	4.5	7	12	12	9	5	-4.5	-5		3	12
2015	-3	0	4	4	5	6	12	9	8	4	4	-7.5		3.8	12
2016	-7	-4	2	2	7	6	8.5	13	10	8	2			4.3	11
2017	-3	-6.5	5		6	12		10	9	4.5	-3	-12		2.2	10
2018	-2	1.5			10	13	13	12.5	12	4	-9	-8		4.7	10
2019	-3	0	3	4	3	11	10	14	11		2.5	-5		4.6	11
2020	-3	-3	5	6	8	10	13	10	4	1	1	-5		3.9	12
2021	-6.5	-3	0	5	6	10	13	11	10	1	2			4.4	11
2022	0.4	-5.9	-3.9	5.9	9.6	12.2	13.8	12.2	7.3	1.6	-1.2			4.7	11
2023			-0.7	4.5	3.2	11.6	14		10.6			1.5		6.4	7
2024		-4.8	-1.8	0.3	7.7	12.9	10.4	11.9						5.2	7
MÍNIMA	-7.5	-11.5	-4.5	-2	3	6	6	2.5	4	-3.5	-10	-14		-2.2	2
MÁXIMA	4	3	6	10	12	16	15	14	13.5	9	7	4		7.7	12
MEDIA	-2.7	-1.5	0.7	4.4	8.2	11.6	12	11.3	9	4.4	0.4	-2.6		4.6	10.9
DESV.ST	2.7	2.9	2.8	3	2.2	1.8	1.6	2	2.2	2.7	3.5	3.9		1.5	2.1

TEMPERATURA MEDIA MENSUAL
AÑO	ENE	FEB	MAR	ABR	MAY	JUN	JUL	AGO	SEP	OCT	NOV	DIC	ACUM	PROM	MESES
1963								22.3	19.8		14.8	12.5		17.4	4
1964	10.8	12.6	16	21.1		23.1	23.2	22.7	21.2	16.3	15.8	13.2		17.8	11
1965	12.2	11.7	17	19.9	23.1	24.5	22	21.5	20.9	16.4	17.4	12.8		18.3	12
1966	10.3	12.3	16.4	19	22.4	24	23.4	21.6	20.6	18.1	15.7	11.2		17.9	12
1967	10	13.9	18.4	22.3	23	23.9	22.6	20.4	19.1	16.5	16.5			18.8	11
1968		13.1	14	20	22.8	23.8	21.6	21.4	19	19.2	14.9	12.8		18.4	11
1969	13.4	14.3	15.4	19.6	22.4	25.4	23.3	22.9	20.6	20	16.2	13		18.9	12
1970	12.8	13.7	15.8	21.1	22.6	23.4	22.4	22.5	20.4	19.1	14.7	16.5		18.8	12
1971	15.4	15.7	18.9	20.2	23.5	23.5	22.8	21.5	21.4	19.6	17	15		19.5	12
1972	13.7	14.2	18.9	22.9	23.1	23.1	21.8	21.9	20.8	20.1	19.1	15.7		19.6	12
1973	11.9	14.2	16.4	18.6	22	23.5	22.5	21			16.3	14.2		18.1	10
1974	16	15.7	19.7	21.1	24.4	25.1	22.4	22.2	21	18.8	15.9	12.8		19.6	12
1975	11.3	13.4	18.5	22.2	23.1	24.5	22.1	21.4	19.6	18.1	15.5	11.5		18.4	12
1976	13	14.3	18.1	19.2	23.6	25.3	19.9	20.9	19.8	16.7	12.6	11.4		17.9	12
1977	13.4	12.4	18.3	18.2	22.1	22	21.6	21.9	22.8	21.5	17.3	14.3		18.8	12
1978	12.8	12.2	19.8	18.9	23	23.7	22.3	20.6	19.8	17.2	16.6	15.5		18.5	12
1979	11.5	14.4	16.9	21.8	21.9	23.5	23.6	21.2	20.6	19.1	16.2	11.3		18.5	12
1980	13.8	15	18.1	18.8	24.2	26.1	25.6	23.4	21.5	18.6	13.5	15.4		19.5	12
1981	13.3	15.9	16.4	18.6	22.1	23.6	23.2	22.8	20.6	20.4	16.8	13.9		19	12
1982	14.3	15.7	19.6	22.3	22.8	25.8	22.5	22.6	21.1	20	15	12.2		19.5	12
1983	11.5	12.6	15.4	18.9	22.4	24	21.8	23	21	20.1	17.1	14.3		18.5	12
1984	13.2	13	17.4	20.4	21.6	22.4	19.1	20	18.4	19.2	15.4	14.8		17.9	12
1985	11	14.1												12.6	2
1987			15.4	17.8	19.9	22.4						14.5		18	5
1988	11.8	14.2	15.9	19.1	23	22.4	20.9	20.9	20.2	18.3	17.3	14.1		18.2	12
1989	14.3	16.6	16.6	20	23.3	24.8	22.5	21.6	20.4	18.1	15.9	12.2		18.9	12
1990	14.1	13.4	18	20.4	23.4	24.5	20.9	20.8	19.5	18.1	16.4	14.8		18.7	12
1991	13.2	14.3	18.6	20.6	23.6	23.9	19.9	21.6	19.4	17.6		15		18.9	11
1992	13.1	10.7	16.2	18.4	20.5	24.6	21.3	24.8	19.6	16.4	12.8	13.9		17.7	12
1993	11.6	13.2	13.8	17.8	20.5	23	22.5		17.8	16.8	14.6	12.9		16.8	11
1994	10.4	13.8	15.6	18.6	23.1	23	22.6	20.4	18.6	17	16.2	12.9		17.7	12
1995	11.2	13.6	15.4	18.6	23.8	24.6	22.4	21.3	20.2	16.1	14.2	11		17.7	12
1996	11	14.2	14.4	17.8	24.4	23.2	23.2	21	19.4	15.4	12.9	11.3		17.4	12
1997	11.1	13.1	15.2	15.8	18.4	21.7	21	21.3	19.6	16.2	14.8	9.6		16.5	12
1998	10.5	10.9	15	18.4	22.5	24.1	22.6	20.7	18.3	18.2	15.5	13.1		17.5	12
1999	11.6	14.4	16	20.6	21.6	22.2	19.9	20.7	19.9	15.9	12.9	10.2		17.2	12
2000	12.9	14.2	16.8	18.8	22.1	20	20.9	19.1	19	17.2	15	12.7		17.4	12
2001	12.1	14.4	14.2	20.6	19.6	21.2		20.5	19.2	17	14	11.9		16.8	11
2002	12.1	12.2	16.6	20.7	22.4	21.6	20.6	20	18.3	18.2				18.3	10
2003	11.3	13.4	15.1	18.8	22.6	22	19.1	19	18.5	16.3	16.4	11.3		17	12
2005	12.5	12.9	14.3	17	20.4	23.1	22	20.3	20.4	17.8	14.3			17.7	11
2006	11.7	12.7	17.5	21	20.9	21	19.8	19.4	19	17	13.1	11.2		17	12
2007	11.2	12.5	16.3	17.6	20.6	21.2	19.6	19.7	18.9	15.9	14.6	13.3		16.8	12
2008	11.6	13.8		19	20.8	22	19.6	19.2	16.9	15.7	12.5			17.1	10
2009	13.2	14.2	16					20.6	18.2	17	12.2	11.3		15.3	8
2010	10.1	10.1	12.9	17.2	22	22.6	20.1	21.5	19.3	16.5	12.3	11.2		16.3	12
2011	11.3	13.5	17.6		21.8	22.4	21.5	21.8	19.5	17.4	13.8			18.1	10
2012		14.1	16.8		21.9	22.1	20.9	20.4	18.4	18	15.2			18.6	9
2013	11.5	14.1	14.6	18.8	21.1	22.9	19.9	20.3	18.7	17.8	13.4	13.2		17.2	12
2014	10.7	15.5	15.9	18.2	20.2	21.9	20.4	20	18.6	17.8	12.2	12.8		17	12
2015	12.1	12.9	13.6	17.9	20.2	20.9	19.8	20.4	19.6	17.5	17.2	13.2		17.1	12
2016	10.3	13.5	18.9	18.8	21.8	21.1	21	19.9	19	17.6	14.7			17.9	11
2017	14.4	13.4	16.9		22	23		20.3	18.8	17.5	15.4	12.3		17.4	10
2018	11.8	14			22.4	22.6	21.4	20.8	19	17	12.8	12.2		17.4	10
2019	13.6	16.3	17.3	18.4	21	22.9	21.6	22.8	19.9		15.8	12.7		18.4	11
2020	11.9	14.3	19.5	21.1	21.5	21.9	21.5	20.9	18.2	17	16.2	12.2		18	12
2021	11.6	15.7	17.2	19.7	21.6	21.3	20.1	20.5	19.2	17.6	14.5			18.1	11
2022	13.4	13.4	16.4	20.7	23.5	22.6	22.8	21.4	19	17	15.8			18.7	11
2023			18	19.6	21.3	25.2	23.5		22.6			12.3		20.4	7
2024		15.1	17.8	20.1	25	25.1	21.2	22.6						21	7
MÍNIMA	10	10.1	12.9	15.8	18.4	20	19.1	19	16.9	15.4	12.2	9.6		12.6	2
MÁXIMA	16	16.6	19.8	22.9	25	26.1	25.6	24.8	22.8	21.5	19.1	16.5		21	12
MEDIA	12.2	13.7	16.6	19.5	22.2	23.1	21.6	21.2	19.7	17.7	15.1	12.9		18	10.9
DESV.ST	1.4	1.3	1.7	1.5	1.3	1.4	1.4	1.2	1.2	1.4	1.6	1.5		1.2	2.1
