COMISIÓN NACIONAL DEL AGUA
COORDINACIÓN GENERAL DEL SERVICIO METEOROLÓGICO NACIONAL
BASE DE DATOS CLIMATOLÓGICA NACIONAL 

ESTADÍSTICA MENSUAL
EMISIÓN   : 13/09/2024 

DATOS DISPONIBLES EN LA BASE DE DATOS A: SEPTIEMBRE DE 2024; 
CON LA INFORMACIÓN SUMINISTRADA POR LAS UNIDADES ADMINISTRATIVAS 

 ESTACIÓN  : 32038 
 NOMBRE    : NIEVES 
 ESTADO    : ZACATECAS 
 MUNICIPIO : GENERAL FRANCISCO R. MURGUÍA 
 SITUACIÓN : OPERANDO 
 CVE-OMM   :   
 LATITUD   : 24.00138889 ° 
 LONGITUD  : -103.0194444 ° 
 ALTITUD   : 1913 msnm 


LLUVIA MÁXIMA 24 H.
AÑO	ENE	FEB	MAR	ABR	MAY	JUN	JUL	AGO	SEP	OCT	NOV	DIC	ACUM	PROM	MESES
1942	0	0	0	0	4.2	13.2	47	19.7	31.9	15	5.9	0	136.9	11.4	12
1943	14.5	0	0	0	3.2	47.2	27.7	32.6	65.7	37.5	0	4	232.4	19.4	12
1944	13	0	0.6	0	0	19	7	16	18	16			89.6	9	10
1945	0.8	0	15	0	20	8	11.5	10	11.2	8	0	1	85.5	7.1	12
1946	12	4	0	17.6	0	19	13	22	22	18	18	20	165.6	13.8	12
1947	19	0	5	0.8	1	20.5	13	19	17	12	0	0	107.3	8.9	12
1948	18	0	0	0	0	20	19	4	20	20	9	2	112	9.3	12
1949	0	0	0	0	30	19	19	15	6	6	0	0	95	7.9	12
1950	0	0		0	0	19	17	20	20	0	0	0	76	6.9	11
1951	0	0	4	0	0	19	20	18	20	14	0	14.2	109.2	9.1	12
1952	0	0	0	0	0	17	19	7	0		0	0	43	3.9	11
1953	0	30	0	0	6	6		19		8	20		89	9.9	9
1954	0	0	0	0	5	6	5	10	25	0	0	0	51	4.2	12
1955	0	0	0	0	23	16		12	10	8	0	0	69	6.3	11
1956			0	0	0	0	15	15	0	0	0	0	30	3	10
1957	0	0	0	0	0	0	0	20	0	0	0	0	20	1.7	12
1958	0	0	0	0	0	15	15	17	15	15	0	0	77	6.4	12
1959	0	0	0	0	0	0	15	15	12	10	0	0	52	4.3	12
1960	0	0	0	0	0	0	1.5	16	0	8	0	15	40.5	3.4	12
1961	0	0	0	0	0	20	16	15	18	0	0	0	69	5.8	12
1962	0	0	0	0	0	19	5	21	10	0	0	0	55	4.6	12
1963	0	0	0	0	10	5	12	15	12	0	0	0	54	4.5	12
1964	0	0	0	0	0	20	7	12	12	0	0	0	51	4.2	12
1965	0	0	0	10	0	0	0	5	11	0	0	0	26	2.2	12
1966	0	0	0	0	0	6	15	15	11	0	0	0	47	3.9	12
1967	0	0	1.6	0	0	0.5	1	1	0.3	1.2	0	0.3	5.9	0.5	12
1968	3	5	15	0	0	15	16	67.5	23	20	0	0	164.5	13.7	12
1969	0	0	0	0	0	20	9	13	25	0	0	0.7	67.7	5.6	12
1970	0	0.6	0	0	0	20	20	20	20	0	0	0	80.6	6.7	12
1971	0	0	0	0	20	55	10	40	25	30	0	0	180	15	12
1972	0	0	0	0	46.5	22	21	12	25	6	17	0	149.5	12.5	12
1973	20	3.5	0	0	9.3	21	52	68	15.5	13	0	0	202.3	16.9	12
1974	0	0	4.5	0	0	37.3	7.8	29	13.5	11.5	0	4	107.6	9	12
1975	3.4	0	0	0	1.3	15.5	26.5	35	12	6	0	8.5	108.2	9	12
1976	0	0	0	0	0	34	53.4	24	43	20.5	21.5	11	207.4	17.3	12
1977	6	0	0	0	4	13.5	20	22	5	25	0	0	95.5	8	12
1978	0	0	2.5	2	4.9	2.8	22	13.4	61.3	16.8	0	5.6	131.3	10.9	12
1979	0	0	8	0	0	13	17	11	6.5	0	0	30.8	86.3	7.2	12
1980	5	11	0	0	0	0	39.5	26	16	9	4	7.5	118	9.8	12
1981	9.2	0	0	11	0	38.5	27	23.5	21	6.5	7.5	13	157.2	13.1	12
1982	0	0	0	0	6.5	4.5	20	14.5	12.5	36	43	8.5	145.5	12.1	12
1983	1	0	8.5	0	25	8	44	51	22	17.5	0	0	177	14.8	12
1984	24	1	0	0	6	13	34.5	29.5	9.2	16.3	0	9	142.5	11.9	12
1985	7.6	1	0	2.5	15.8	16.5	19	23.8	7	36.5	0	15	144.7	12.1	12
1986	1	6	0	2.5	63	44	26.5	11	36.5	9.5	2.5	10.6	213.1	17.8	12
1987	70	32.5	0	4.5	6.5	17	32.7	28.3	36.4	5.1	4.1	7.9	245	20.4	12
1988	0	0	0	28.3	7	32.8	20.5	26.6	7		0		122.2	12.2	10
1989	0	0	0	0	0	0	24	40.4	12.5	37	0	28	141.9	11.8	12
1990	4	1	0	0.01	4.9	28.7	40	29.2	13	8.3	0	28	157.11	13.1	12
1991	0	0	0	0.01	0	4.5	30	21	18.5	28.5	5	8	115.51	9.6	12
1992	0	0	0	0	0		9	10.7	22.5	0	0	0	42.2	3.8	11
1993	6	0	0			16.4	40.5	28.5	17.9	4.6	20.7	0	134.6	13.5	10
1994	5.2	1.5	3.6	16.5	6.3	23.8	40.3	17	26.8	13.1	2.1	7.3	163.5	13.6	12
1995	2.5	0	0	0	0	20	11		10.4	1.3			45.2	5	9
1996	0	2.9	0	8.1	2.7	23.3	4.9	22.2	10.3	80	20	0.01	174.41	14.5	12
1997	14.4	14.3	10	9.5	28.2	30.5	8.2	8	11	10	11	1.5	156.6	13.1	12
1998	0.01	0.01	0.01	0.01	0	12.3	4	58	52.7	20	15.5	0	162.54	13.5	12
1999	0	0	0	0	0	47.4	23.1	2.7	6.5	0.6	9	13	102.3	8.5	12
2000	0	0.8	0.01	3	13.3	83	10.5	10.3	18	9	5.2	6.8	159.91	13.3	12
2001	0.3	0.01	5.1	2.4	24.4	12.4	8.4	8.2	59.5	7.9	20.3	9.1	158.01	13.2	12
2002	5.1	22.1	0.01	1	5.3	28.5	10.1	20	52.3	26.5	6.1	0.01	177.02	14.8	12
2003	1.4	0	0	0.01	3.4	26.5	13	20	34	19	0.01	0	117.32	9.8	12
2004	28.5	0.01	12.5	7.6	35	35.5	24.2	36.5	24.6	9.3	9.8	0.3	223.81	18.7	12
2005	0.01	22.3	0.3	2.8	0.7	9	24.4	33	20	22.5	0.8	0.01	135.82	11.3	12
2006	20	0	0.5	0.4	13.6	8	25.5	24.5	16	15.1	4.2	30.2	158	13.2	12
2007	4.7	5.7	0.01	11.7	0.9	61.5	20.5	27.4	27.4	1.3	3.2	0	164.31	13.7	12
2009	0.01	0	0.01	0.01	14	29	9.5	30.5	40.5	32.4	12.5	3.5	171.93	14.3	12
2010	3.5	25	0.3	2.5	5.4	3	12	9.8	28.4	0	0	0	89.9	7.5	12
2011	0	0	0.01	0	1.5	4.5	20	30	12.5	11.7	0.01	0.01	80.23	6.7	12
2012	16	7.7	0.01	5.2	4.6	6	29.5	42.5	29.4	11	4	0.4	156.31	13	12
2013	7.6	0	0.01	0.01	21.2	23	33.3	21.5	66	3.5	3.6	31	210.72	17.6	12
2014	9.7	0	0.1	0.01	0.2	40.5	13	29.5	26.2	5.5	11.5	4	140.21	11.7	12
2015	13	72	36.6	1.7	3.2	53.4	16.8	25.2	15.5	35.2	2.8	0.3	275.7	23	12
2016	0.3	0.01	5.8	0.01	2.6	34.5	14.5	31.7	21.2	10.3	15.1	2	138.02	11.5	12
2017	0	0	15.3	0.01	8	17.8	18	13.4	56		0	17	145.51	13.2	11
2018	5.8	16	0.01	8.9	36.3	38.7	13.54	12	79.5	26.4	10.5		247.65	22.5	11
2019	0.8	0.3	1.2	12.5	13.7	5.8		27.2		7.2	48.4	18.5	135.6	13.6	10
2020	10.4	14.8	0.6	0.01	5	19.03	25.5	8.7	19	0	0	0.8	103.84	8.7	12
2021	145.6	0	136.15	2.4	88	22.2	58	18.3	28.6	34	0.3	1.6	535.15	44.6	12
2022	0.3	0.2	0	17.7	0.01	15.2	14.7	23.5	20.8	10	2.9	0.1	105.41	8.8	12
2023	0.5	0	136.15	6.6	38	5	13	23				33.1	255.35	28.4	9
MÍNIMA	0	0	0	0	0	0	0	1	0	0	0	0	5.9	0.5	9
MÁXIMA	145.6	72	136.15	28.3	88	83	58	68	79.5	80	48.4	33.1	535.15	44.6	12
MEDIA	6.7	3.8	5.4	2.5	8.7	19.6	19.5	21.8	21.9	12.8	5.1	5.7	129.8	11.1	11.7
DESV.ST	18.6	10.4	21.7	5.2	15.2	15.8	12.6	12.8	16.5	13.3	9.1	8.9	74.9	6.4	0.8

LLUVIA TOTAL MENSUAL
AÑO	ENE	FEB	MAR	ABR	MAY	JUN	JUL	AGO	SEP	OCT	NOV	DIC	ACUM	PROM	MESES
1942	0	0	0	0	4.2	18.1	170.2	65.51	86.4	37	11.3	0	392.71	32.7	12
1943	21.7	0	0	0	3.2	140.4	154.4	122.7	247.1	51.5	0	14	755	62.9	12
1944	42	0	2	0	0	24	25	112	116	68			389	38.9	10
1945	0.8	0	15	0	28	19	39	46.7	18.2	14	0	1	181.7	15.1	12
1946	12	5	0	34.3	0	56	42.2	59.5	89	21	74	20	413	34.4	12
1947	75	0	7	2.3	3.5	127	14	104	52.5	12	0	0	397.3	33.1	12
1948	26	0	0	0	0	70.5	52	4	81	27	24	2	286.5	23.9	12
1949	0	0	0	0	50	21.5	21.5	55	13	8	0	0	169	14.1	12
1950	0	0		0	0	19	69	56	45	0	0	0	189	17.2	11
1951	0	0	4	0	0	36	87	39	80	30.5	0	14.2	290.7	24.2	12
1952	0	0	0	0	0	44	54	12	0		0	0	110	10	11
1953	0	34	0	0	6	12		54		38	59		203	22.6	9
1954	0	0	0	0	5	16	28	34	25	0	0	0	108	9	12
1955	0	0	0	0	63	53		117	159	20	0	0	412	37.5	11
1956			0	0	0	0	89	77	0	0	0	0	166	16.6	10
1957	0	0	0	0	0	0	0	35	0	0	0	0	35	2.9	12
1958	0	0	0	0	0	151	149	206	185	111	0	0	802	66.8	12
1959	0	0	0	0	0	0	104	191	22	103	0	0	420	35	12
1960	0	0	0	0	0	0	2.5	176	0	79	0	48	305.5	25.5	12
1961	0	0	0	0	0	283	237	115	47	0	0	0	682	56.8	12
1962	0	0	0	0	0	34	20	188	45	0	0	0	287	23.9	12
1963	0	0	0	0	20	9	89	37	156	0	0	0	311	25.9	12
1964	0	0	0	0	0	39	27	49	43	0	0	0	158	13.2	12
1965	0	0	0	15	0	0	0	12	20	0	0	0	47	3.9	12
1966	0	0	0	0	0	15	47	68	38	0	0	0	168	14	12
1967	0	0	4.1	0	0	1.5	4.1	8.7	1.1	2.8	0	0.3	22.6	1.9	12
1968	3	15	30	0	0	65	128	152.6	137.1	40	0	0	570.7	47.6	12
1969	0	0	0	0	0	20	19	58	75.5	0	0	1.2	173.7	14.5	12
1970	0	0.6	0	0	0	61	30	20	120	0	0	0	231.6	19.3	12
1971	0	0	0	0	20	115	10	155	25	70	0	0	395	32.9	12
1972	0	0	0	0	62.6	57.7	127	21	99.4	10	21.3	0	399	33.2	12
1973	27.5	6	0	0	22.5	55	149.9	256.6	63.8	36.8	0	0	618.1	51.5	12
1974	0	0	6.5	0	0	50.3	31.9	100.5	32.9	35.2	0	7.4	264.7	22.1	12
1975	7.2	0	0	0	1.3	42.7	104.2	92.3	21	10	0	11.5	290.2	24.2	12
1976	0	0	0	0	0	60.7	226.3	62.4	129.4	48.8	63.5	34	625.1	52.1	12
1977	9	0	0	0	6.3	51.7	50.9	100.5	12	46	0	0	276.4	23	12
1978	0	0	2.5	2	4.9	2.8	91.5	47.4	280.7	47.8	0	5.6	485.2	40.4	12
1979	0	0	8	0	0	33.5	45.5	23.7	15.4	0	0	40.6	166.7	13.9	12
1980	5	21	0	0	0	0	84	87.3	39	15.5	6	11.5	269.3	22.4	12
1981	18.8	0	0	21	0	59.8	40	96	56	25.4	10	13	340	28.3	12
1982	0	0	0	0	6.5	12.6	53.8	58.6	20.8	48.5	53	8.5	262.3	21.9	12
1983	2	0	12	0	55.1	15	96.2	196	79	17.5	0	0	472.8	39.4	12
1984	29.5	1	0	0	10.2	81.1	153.7	56.3	38	19.1	0	15.5	404.4	33.7	12
1985	16.6	1	0	7.2	37.4	66.6	64.9	74.7	22.6	83.9	0	24.3	399.2	33.3	12
1986	1	6	0	3.7	84.1	153.6	67.9	41.4	149.9	28	2.5	19.2	557.3	46.4	12
1987	70	34	0	7.5	14	43.1	166.7	54.9	92.3	5.1	4.1	21.6	513.3	42.8	12
1988	0	0	0	30.6	15.5	84	135.3	84.1	19.5		0		369	36.9	10
1989	0	0	0	0	0	0	48.92	176.73	24.12	54	0	57.51	361.28	30.1	12
1990	4.02	1	0	0.01	9.7	54.1	165.2	97.74	69.9	28.5	0	59.41	489.58	40.8	12
1991	0	0	0	0.01	0	10	186.14	35	62.5	48.51	5.02	20.53	367.71	30.6	12
1992	0	0	0	0	0		35.7	47.9	54.73	0	0	0	138.33	12.6	11
1993	11	0	0			40.8	92.1	81.2	60.61	5.9	48.1	0	339.71	34	10
1994	11	1.5	7.1	29.5	8.2	87	91.9	79.58	93	23	2.11	13.6	447.49	37.3	12
1995	5.21	0	0	0	0	31.2	44.3		20.6	1.3			102.61	11.4	9
1996	0	3.9	0	10.8	2.7	94.8	16.34	115.06	25.84	184.86	20.22	0.01	474.53	39.5	12
1997	22.8	14.3	14.18	13.35	30.49	55.4	26.2	21.48	37.06	13.85	24.71	1.5	275.32	22.9	12
1998	0.01	0.02	0.01	0.02	0	35.84	17.65	184.63	100.54	30.43	22	0	391.15	32.6	12
1999	0	0	0	0	0	165.5	73.5	9.5	25.4	0.6	9	16.9	300.4	25	12
2000	0	0.8	0.01	3.8	31.21	242.5	49.8	47.8	50.8	17.9	7.5	8	460.12	38.3	12
2001	0.31	0.03	5.11	5.82	50.1	35.74	32.51	46.08	83.74	12.62	20.71	10.45	303.22	25.3	12
2002	5.11	37.71	0.01	1.1	7.42	73.63	43.18	71.53	152.51	47.53	15.62	0.01	455.36	37.9	12
2003	3.63	0	0	0.01	4.24	113.67	85.15	71.64	232.52	41.12	0.02	0	552	46	12
2004	54.44	0.01	19.72	9.51	37.08	130.23	93.53	144.91	151.03	30.41	10.3	0.31	681.48	56.8	12
2005	0.05	58.23	0.33	2.8	0.7	12.11	102.22	107.08	33.23	66.53	0.85	0.01	384.14	32	12
2006	21.55	0	0.52	0.52	33.77	30.98	60.11	116.56	66.95	64.63	4.2	55.31	455.1	37.9	12
2007	5.05	5.7	0.01	15.41	0.96	202.89	89.36	57.48	75.05	1.3	4.01	0	457.22	38.1	12
2009	0.02	0	0.02	0.02	26.91	101.97	37.25	67.57	145.96	87.04	23.62	3.72	494.1	41.2	12
2010	5.82	45.2	0.3	2.54	6.13	7.87	64.34	12.69	113.67	0	0	0	258.56	21.5	12
2011	0	0	0.01	0	1.56	8.21	58.87	70.16	29.56	16.54	0.01	0.01	184.93	15.4	12
2012	17.73	14.21	0.04	5.21	4.95	14.34	83.47	139.72	89.01	17.6	6.04	0.61	392.93	32.7	12
2013	18.6	0	0.02	0.02	24.24	44.39	184.83	107.23	255.61	12.27	13.47	54.22	714.9	59.6	12
2014	15.52	0	0.12	0.04	0.49	126.15	35.28	101.35	105.85	9.53	36.12	9.02	439.47	36.6	12
2015	23.15	87.01	78.96	2.86	7.23	183.33	74.67	58.49	60.71	79.75	3.24	0.33	659.73	55	12
2016	0.42	0.05	10.34	0.06	4.78	66.54	64.39	171.62	72.1	10.47	19.83	2.81	423.41	35.3	12
2017	0	0	23.94	0.02	17.53	32.03	115.05	69.74	152.77		0	23.51	434.59	39.5	11
2018	10.12	18.64	0.01	15.42	44.14	104.74	55.19	46.28	250.98	55.94	17.72		619.18	56.3	11
2019	1.5	0.31	1.21	12.5	14.12	25.27		41.07		8.25	59.73	25.41	189.37	18.9	10
2020	31.02	15.31	1.13	0.02	6.26	55.59	78.03	27.37	44.75	0	0	0.8	260.28	21.7	12
2021	146.33	0	144.65	2.42	145.34	71.22	126.06	87.83	88.44	115.42	0.34	3.2	931.25	77.6	12
2022	0.32	0.21	0	27.73	0.04	37.04	46.29	116.73	67.64	25.96	3	0.1	325.06	27.1	12
2023	0.5	0	144.65	9.41	68.34	6.11	39.65	46.17				33.1	347.93	38.7	9
MÍNIMA	0	0	0	0	0	0	0	4	0	0	0	0	22.6	1.9	9
MÁXIMA	146.33	87.01	144.65	34.3	145.34	283	237	256.6	280.7	184.86	74	59.41	931.25	77.6	12
MEDIA	9.8	5.3	6.8	3.7	13.9	57.8	74.6	82	76.9	30.2	9.1	9.4	369.1	31.5	11.7
DESV.ST	21.5	14.3	24.4	7.7	24.2	57.3	53.4	53.8	64.8	34	16.9	15.4	181.7	15.1	0.8

EVAPORACIÓN MENSUAL
AÑO	ENE	FEB	MAR	ABR	MAY	JUN	JUL	AGO	SEP	OCT	NOV	DIC	ACUM	PROM	MESES
1986											362		362	362	1
1993												117.14	117.14	117.1	1
1994	137.08	162.45	257.2	266.09	289.57	248.14		173.57	165.67	145.52	138.8	112.86	2096.95	190.6	11
1995	130.93	137.81	161.25	281.02	352.56	291.9	220.74		189	235.94			2001.15	222.3	9
1996	164.01	174	264.45	290.7	331.66	271.18	264.4	198.46	150.76	156.25	128.6	115.9	2510.37	209.2	12
1997	118.54	161.2	188.58	228.81	284.96	254.66	238.35	245.43	195.7	186.22	150.48	133.35	2386.28	198.9	12
1998	159.54	200.7	301.36	382.89	441.57	281.5	266	182.63	138.55	150.25	117.67	119.2	2741.86	228.5	12
1999	153.5	167.2	278.35	293.25	336.63	242.2	200.85	221.35	187.53	186.06	139.34	124.25	2530.51	210.9	12
2000	161.6	186.85	275.15	305.02	288.31	194.4	223.22	193.34	188.63	139.12	134.35	107.6	2397.59	199.8	12
2001	130.7	152.25	230.4	275.52	262.8	246.55	238.51	204.52	154.78	180.35	142.2	113.15	2331.73	194.3	12
2002	139.7	133	258.95	253.28	285.05	241.37	214.17	177.74	190.82	150.9	119.55	115.4	2279.93	190	12
2003	104.75	120.78	254.35	251.32	322.36	231.95	162.2	163	116.85	110.11	127.26	108.4	2073.33	172.8	12
2004	80.9	148.85	201.4	247.57	264.02	181.45	189.5	184.9	125.25	143.25	126.19	98.48	1991.76	166	12
2005	112.71	103.25	222.05	267.3	293.4	300.85	234.25	153.05	172.6	135.2	133.3	108.9	2236.86	186.4	12
2006	123.6	162.75	230.12	265.96	244.76	214.49	167.95	130.25	112.04	123.4	118.75	99.25	1993.32	166.1	12
2007	106.25	156.25	220.85	259.92	284.03	243.5	161.56	176.59	146.27	179.85	135.62	129.05	2199.74	183.3	12
2009	132	165.8	235.95	276.2	263.6	227.9	240.75	212.35	131.35	138.1	112.7	103.15	2239.85	186.7	12
2010	110	111.3	212.45	253.2	287.25	258.35	167.8	220.4	162.8	150.8	122.45	113.85	2170.65	180.9	12
2011	124.48	167.35	240	297.9	297.2	287.35	209.1	221.75	184.87	166.25	144.2	131.5	2471.95	206	12
2012	126.5	126.35	241.8	257.5	288.6	258.05	216.85	196.35	139.2	161.25		121.35	2133.8	194	11
2013	112.3	178.15	214.49	286.65	272.45	263.23	163.5	186.95	131.8	134.01	80.5	111.02	2135.05	177.9	12
2014	97.6	161.8	225.2	213.95	222.05	220.45	182.35	185.5	122.9	138.35	94.65	92.85	1957.65	163.1	12
2015	92.1	113.95	124.4	178.95	228.3	182.36	164.6	190.1	154.05	114.7	105.4	107.75	1756.66	146.4	12
2016	124.9	142.2	194.95	222.4	254.4	222.3	196.25	136.46	128.35	135	94.65	115.75	1967.61	164	12
2017	134.75	146.15	203.2	252.3	269.09	249.1	190.05	169.41	111.99		134.2	83.2	1943.44	176.7	11
2018	107.9	117.09	230.08	256.55	270.15	206.5	204.39	198.9	124	110.6	97.4		1923.56	174.9	11
2019	111.15	158.3	209.8	228.5	284.75	188.2		193.35		146.1	113.18	93.95	1727.28	172.7	10
2020	113.55	143.7	213.4	283.85	273	222.73	187.5	176.45	134.15	185	139.3	114.49	2187.12	182.3	12
2021	125	165.4	238.3	274.14	242.78	196.15	157.35	174.5	141.7	125.9	105.55	114.75	2061.52	171.8	12
2022	125.15	149.95	244.65	251.27	296.45	222.45	209.5	180.3	129.55	124.45	130.35	116.4	2180.47	181.7	12
2023	142.25	162.65	222.95	267.78	283.31	316.66	230.1	206.7					1832.4	229.1	8
MÍNIMA	80.9	103.25	124.4	178.95	222.05	181.45	157.35	130.25	111.99	110.11	80.5	83.2	117.14	117.1	1
MÁXIMA	164.01	200.7	301.36	382.89	441.57	316.66	266	245.43	195.7	235.94	362	133.35	2741.86	362	12
MEDIA	124.3	150.9	227.5	264.5	286.7	240.2	203.8	187.7	149.3	150.1	131.4	112	2030.3	190.5	10.9
DESV.ST	20.2	23.3	35.4	35.4	42	35.6	31.9	25.3	26.7	28.4	49.3	11.6	531.9	39.3	2.8

TEMPERATURA MÁXIMA PROMEDIO
AÑO	ENE	FEB	MAR	ABR	MAY	JUN	JUL	AGO	SEP	OCT	NOV	DIC	ACUM	PROM	MESES
1945			23.1	24.6	27.2	29	26.7	26.6	27	25.1	23.4	20.4		25.3	10
1946	18.6	20.8	24.3	26.9	29.2	28.1	24.3	27.2	27.1	25.6	25.4	22		25	12
1947	18.9	20.2	23	25.3	26.5	28.3	28.1	26.2	24.3	24.9	22.7	18.4		23.9	12
1948	16.6	21	23.8	26.6	28.1	28.8	26.4	28	26	23.5	21.9	21		24.3	12
1949	19.4	20.9	23.8	24	27.6	28.5	28.4	26.8	27.4	27.9	27.8	28.5		25.9	12
1950	28	23.1		27.8	28.8	28.8	26.8	26.6	26.6	29.9	28.6	19.4		26.8	11
1951	18.1	20.1	22.4	24.7	27.2	29.2	27.9	28.5	25.7	23.5	21.7	20.4		24.1	12
1952	20.1	19.7	22.5	24.5	28	28.2	27	27.8	27		23	22.2		24.5	11
1953	21	21.5	24.2	25.1	27.3	30.6		28		26	19.5			24.8	9
1954	17.7	17.2	21.8	22.3	22.1	21.9	22.5	23.3	23.9	22.8	20.5	14.3		20.9	12
1955	12.3	12.6	13.9	14.9	22	23.9	24.2	23.5	23.8	22.8	19	15.7		19	12
1956	15	13.5	18.8		23.5	23.4	24.4	23.4	23.2	22.5	21.6	18		20.7	11
1957	12.4	12.7	14.9	22.4	26.9	28.8	23.3	24.3	24.4	24.1	21.8	13.3		20.8	12
1958	12.4	11.5	14	24.7	25.1	25	22.9	23.6	23.4	23	21.3	15.1		20.2	12
1959	15.7	15.8	13.5	23.7	24	25.4	24.1	24.7	23.9	23.5	23.2	16.5		21.2	12
1960	17.7	12.2	15.1	22.9	24.6	27.1	27	26.3	26.1	25.5	25.1	24.4		22.8	12
1961	17.7	14.9	24.1	25.6	25.6	24.8	24.5	28.5	27.5	27	23.9	19		23.6	12
1962	8.5	13.2	25.7	28.8	33.9	32.3	29.7	29.5	28.9	22.9	19.1	17.8		24.2	12
1963	15.8	13.7	21.8	24.5	33.5	33.8	33.6	33.8	29.5	23.5	22.1	21.5		25.6	12
1964	22	22.6	25	27.4	28.9	33.1	34.2	33.4	31.6	27.5	25	21.3		27.7	12
1965	21.1	18.8	23.4	23.9	33.2	33.7	33.4	29.8	28.5	23.5	20.8	17		25.6	12
1966	14	14.5	20.7	25.8	30.3	32	31.9	31.5	32.7	24.9	20.9	20.5		25	12
1967	15.2	16.7	20.3	26.6	27.3	28.8	26.8	29	27.4	23.1	20.7	16.1		23.2	12
1968	13.2	13.4	17.6	21.8	27.9	28	28.3							21.5	7
1969	21.3	21.5	21.8	22.3	23.1	25.2	24.9	25.8	26.5	25	24.1	15.3		23.1	12
1970	12.5	16.1	17	23.9	24.1	24.4	22.8	22.6	22.2	22.3	16.5	13.4		19.8	12
1971	13.4	11.6	14.4	17.2	26.8	27.2	25.3	22.7	23.7	22.9	22	13.8		20.1	12
1972	11.9	12.3	13.4	24.8	31.2	29.2	27.5	26.1	24.6	24.2	21.8	17.5		22	12
1973	16	21.6	25.7	29.3	31.6	31.1	29.3	22.8	24.2	22.6	23.2	19.1		24.7	12
1974	21.9	22.2	26.5	29.5	31.8	32.1	30.1	28.8	27.7	23	21	17.4		26	12
1975	18.4	20.6	26.6	31.3	31	31	26.7	25.6	25.4	24.8	22.7	17.6		25.1	12
1976	18.8	21.3	27.3	28.8	30.4	30.8	24.1	26.4	24.4	21.6	16.4	15		23.8	12
1977	18.8	21.9	26.9	27	30.6	29.6	28.9	29.3	28.2	25.3	21.4	21.3		25.8	12
1978	20.7	20.2	24.8	29.3	31.8	31.3	29.7	27.1	23.1	21.3	22.3	20.1		25.1	12
1979	19.7	21.1	26.4	30.1	31.9	30.2	30.4	27.5	26.2	27.2	21.5	18.7		25.9	12
1980	18.9	21.2	27.5	27.5	32	32.8	29.8	28.8	27.7	24.6	19.2	17.7		25.6	12
1981	14.2	21.3	24.6	27.1	30.9	30.2	29.5	28.3	26	25.3	21.4	20.4		24.9	12
1982	21.1	23.4	28.9	30.6	31.5	33.6	28.3	28.7	28.1	25.1	21.7	17.5		26.5	12
1983	17	21.1	24.5	29.4	30.4	31.3	27.5	26.2	25.3	24.1	21.7	20.9		25	12
1984	17.1	19.6	25.7	30.2	29.8	29	24.7	26.6	24.3	24.9	22.2	21.2		24.6	12
1985	18.1	22.4	26.4	27.6	31.6	29.2	26.9	27.4	27.1	24	22.3	18.5		25.1	12
1986	18.2	23.9	26.4	29.5	29.4	27.4	26.9	28.2	24.9	21.8	22.6	17.8		24.8	12
1987	12.4	19.6	22.9	27.6	29.6	30.3	27.6	27.7	25.9	21.3	20.1	21.1		23.8	12
1988	19.1	21.2	22.7	26.8	32.1	29.6	26.4	26.1	26.9		22.5			25.3	10
1989	20.2	23.5	25.6	28.1	33.7	34.3	30.4	27.5	25.2	24.2	23	22.3		26.5	12
1990	21.6	23	26.5	27	32.8	32.3	25	23.7	23.2	24	23.3	22.3		25.4	12
1991	20.9	21.2	25.6	27	33.6	32	25	23.7	23.2	24	23.4	21.2		25.1	12
1992	21.5	23.4	26.5	26.8	32.1	29.8	30.4	30.6	26.6	26.1	23	22.3		26.6	12
1993	19.1	22.5	26.4			29.7	29.9	30.1	26.3	27.6	25.1	23.9		26.1	10
1994	21.6	25.9	26.8	28.2	32.2	29.7	29.9	30.7	26.6	27.3	27	23.4		27.4	12
1995	22.5	24	28.2	29.6	33.5	32.3	29.5		28.4	27.6				28.4	9
1996	24	25.7	26.3	27.9	33	29.8	30.4	27.8	27.1	24.6	23.3	22.3		26.9	12
1997	20.9	23.2	24.5	24.8	29	30.8	29.6	29.7	27.7	25.7	24.7	19.1		25.8	12
1998	21.3	22.5	26.8	31.1	34.2	33.7	31.4	28.3	26.6	27.2	25.5	23.3		27.7	12
1999	22.8	25.8	27.4	31.1	32.9	30.7	28.8	30.2	28.8	26.3	23.4	20.8		27.4	12
2000	23.7	25.4	27.8	30.5	32	27.5	29.6	27.9	28.1	26.4	24.4	22		27.1	12
2001	21.9	24.4	25.2	31.4	30.1	30.3	30.3	29.5	27.2	26.8	23.9	21.5		26.9	12
2002	22.7	22.3	27.4	31	32.5	30.4	28.8	29.1	26.8	27.5	22.7	21.3		26.9	12
2003	21.3	25	26.4	29.5	33.9	30.6	27	27.6	25.8	24.6	25.1	21.8		26.6	12
2004	18.3	22.2	26.7	27.9	30.6	28.3	27.4	27.4	25.1	27.6	23.9	21.4		25.6	12
2005	22.5	20.7	24.3	29.6	31.4	33.2	28.8	27.4	28.7	26.9	25.2	22.6		26.8	12
2006	22.4	25.9	28	32	30.7	29.7	28.3	27.2	26.4	25.4	24.2	19.7		26.7	12
2007	20.9	23.8	27.6	28.9	31.2	30.7	28	29	27.8	26.8	25.4	24.6		27.1	12
2009	24.5	26.6	28.4	30.9	31.8	31.3	31	29.4	26.3	27.2	23.4	21.9		27.7	12
2010	20.6	20.5	25.6	30.4	33.7	32.9	28	31.2	28	27.8	24.6	24		27.3	12
2011	23.4	26	29.4	33.2	34.1	33.2	30.1	30.6	29	27.4	24.6	23.9		28.7	12
2012	23.1	22.9	28	30.7	32.2	30.7	29.5	29.4	27.3	28	25.3	23.5		27.6	12
2013	21	25.5	26.7	30.6	31.4	31.9	27.9	28.7	26.1	27.7	22.6	21.8		26.8	12
2014	20.7	27.4	28	30.2	31.1	31.1	29.3	29.3	27.5	28.3	22.6	23.5		27.4	12
2015	21	23.2	23.2	28.6	31.1	29.2	28.3	30.1	29.2	26.6	26.4	23.5		26.7	12
2016	20.9	25.7	25.9	29.6	33.2	31.3	31.4	28	27.7	27.6	23.4	25.3		27.5	12
2017	23.6	26.1	27.8	31	33.5	33.1	29.9	29	26.4		26.8	21.1		28	11
2018	22.6	25.4	29.8	31.2	32.8	31.1	30.5	30	26.8	25.8	24.2			28.2	11
2019	23.6	27.6	29.5	30.2	33.6	33.1		32.2		29.3	25	22.7		28.7	10
2020	21.4	24.5	29.9	32.3	32.2	31.9	29.5	29.8	26.8	29	27.4	23.4		28.2	12
2021	23	27.4	29.6	31.2	32.2	30.2	28	28.5	27.5	27.2	25.8	25.9		28	12
2022	23.5	24.8	29.2	32.1	34.3	31.9	31.2	29.5	26.2	26.9	27.3	24.5		28.4	12
2023	24.7	26	30.1	30.1	31.6	35.7	31.8	31.6						30.2	8
MÍNIMA	8.5	11.5	13.4	14.9	22	21.9	22.5	22.6	22.2	21.3	16.4	13.3		19	7
MÁXIMA	28	27.6	30.1	33.2	34.3	35.7	34.2	33.8	32.7	29.9	28.6	28.5		30.2	12
MEDIA	19.3	21.1	24.5	27.6	30.2	30	28.1	27.9	26.5	25.3	23.1	20.4		25.4	11.6
DESV.ST	3.7	4.3	4.2	3.4	3.1	2.7	2.6	2.5	1.9	2.1	2.4	3.2		2.4	1

TEMPERATURA MÁXIMA EXTREMA
AÑO	ENE	FEB	MAR	ABR	MAY	JUN	JUL	AGO	SEP	OCT	NOV	DIC	ACUM	PROM	MESES
1945			25	27.5	29.5	30.5	28	28	29	26.5	25	22.5		27.1	10
1946	21.5	22	28	31	31	37	27	28	28	31	30	25		28.3	12
1947	22	25	28	28	30	30	29	27.9	26	28	25	24		26.9	12
1948	19	23	27	28	29	35	30	30	29	26	24	23		26.9	12
1949	22	22	26	27	29	30	30	28	29	30	29	31		27.8	12
1950	30	26		30	31	32	29	28	28	32	32	22		29.1	11
1951	21	24	25	27	29	31	30	32	28	26	24	23		26.7	12
1952	21	23	24	26	29	30	29	29	29		25	24		26.3	11
1953	27	23	25	27	31	35		31		28	23			27.8	9
1954	19	19	23	24	24	23	23	26	26	25	24	20		23	12
1955	15	14	15	17	25	25	26	25	25	25	21	21		21.2	12
1956	20	15	23		26	25	26	25	25	24	23	21		23	11
1957	15	14	18	24	28	30	25	26	26	26	24	19		22.9	12
1958	19	13	19	28	28	28	24	27	25	24	23	17		22.9	12
1959	18	18	17	26	27	27	26	27	26	25	24	20		23.4	12
1960	21	15	18	25	26	28	28	27	27	27	27	26		24.6	12
1961	21	17	27	27	27	27	27	31	31	31	27	22		26.2	12
1962	13	15	30	31	35	35	32	31	31	25	22	20		26.7	12
1963	19	15	24	26	35	35	35	35	32	30	23	23		27.7	12
1964	23	23	26	29	30	35	36	35	35	30	29	23		29.5	12
1965	23	22	25	25	35	35	35	32	30	27	22	20		27.6	12
1966	16	16	22	28	33	35	34	34	34	26	23	22		26.9	12
1967	20	20	22	29	30	35	29	32	30	28	25	20		26.7	12
1968	18	20	22	24	30	30	30							24.9	7
1969	23	24	23	23	25	28	27	28	28	26	26	20		25.1	12
1970	17	19	18	32	28	28	25	24	23	24	23	19		23.3	12
1971	15	14	18	28	29	29	28	26	25	24	24	19		23.2	12
1972	15	15	15	33	35	34	33	29	28	26	25	21		25.8	12
1973	21	26	30	35	38	37	38	32	26	28	26	23		30	12
1974	25	25	30	33	35	37	37	34	34	27	29	23		30.8	12
1975	24	26	32	35	34	33	31	29	28	27	26	23		29	12
1976	25	26	30	32	33	35	29	31	29	26	20	20		28	12
1977	22	26	32	32	33	33	32	33	32	31	23	24		29.4	12
1978	25	26	31	33	35	34	33	31	27	25	25	23		29	12
1979	24	24	32	34	34	32	34	32	30	29	25	22		29.3	12
1980	22	25	31	32	35	35	33	34	32	27	24	23		29.4	12
1981	21	24	29	30	34	36	32	33	29	28	25	25		28.8	12
1982	24	28	33	34	37	39	32	33	31	30	25	21		30.6	12
1983	21	25	29	37	37	34	32	36	30	28	24	25		29.8	12
1984	23	25	29	34	35	34	29	29	29	28	26	24		28.8	12
1985	28	25	35	35	38	35	31	31	30	29	25	22		30.3	12
1986	24	26	30	33	35	32	32	31	33	26	27	23		29.3	12
1987	19	24	25	32	33	33	33	31	30	26	24	25		27.9	12
1988	23	24	31	31	34	34	30	31	30		25			29.3	10
1989	23	26	30	31	36	36	35	30	28	27	26	27		29.6	12
1990	27	26	29	33	36	35	28	25	26	29	26	27		28.9	12
1991	23	24	30	32	36	35	28	25	26	29	27	25		28.3	12
1992	27	26	29	31	34	34	35	33	32	32	26	27		30.5	12
1993	23	25	35			37	33	32.5	29.5	32.5	29.5	27		30.4	10
1994	26.5	29	32.5	32.5	37.5	33.5	33	35.5	30	30	29	29.5		31.5	12
1995	27	26.5	32.5	32.5	35.5	36	32.5		31.5	31				31.7	9
1996	28.5	30	29.5	33	35.5	33	32.5	32	30.5	29.5	29	26		30.8	12
1997	26	29	29	32	32.5	34.5	31.5	32.5	31	30	28.5	27		30.3	12
1998	24	29.5	32	34	37	36.5	35	31.5	30.5	31.5	29	28		31.5	12
1999	27	29.5	30	35	35.5	35.5	32	33	32	30	25.5	26		30.9	12
2000	28.5	29.5	30.5	35	36.5	30.5	32	30	31.5	30	28.5	27		30.8	12
2001	25.5	28.5	29.5	34.5	34.5	34	33	32.5	31	30.5	27.5	25.5		30.5	12
2002	28	27.5	32.5	36	35.5	34	33	31.5	30.5	31	29	25.5		31.2	12
2003	26	28	31.5	35.5	37.5	33	31	31.5	30	29	29	25.5		30.6	12
2004	26	28	32	32.5	36	33	31	29.5	29	31	28	25.5		30.1	12
2005	27.5	27.5	31	32.5	34	37	33	30	31.5	30.5	29	29.5		31.1	12
2006	27.5	30.5	31.5	34.5	34.5	34	31.5	29.5	30	29	29	27		30.7	12
2007	26	30.5	31.5	32	33.5	36	31.5	31.5	31	32.5	28.5	28		31	12
2009	29.5	32.5	33.5	35	36	35.5	34	33	28.5	33.5	28.5	28		32.3	12
2010	27	26	30.5	33	36.5	35.5	31.5	33	32.5	32	29.5	28		31.2	12
2011	27.5	31	32.5	34.5	38	36.5	33	32.5	33	32	29	27		32.2	12
2012	28	30.5	31	35.5	36.5	35	38.5	33	30	31	29.5	27		32.1	12
2013	26.5	28	32	34	35.5	35.5	31	32.5	29	30.5	28	28		30.9	12
2014	27	30	35	35	34	36	33	33	31	31	27	27.5		31.6	12
2015	26.5	31.5	30	32.5	34.5	35.5	32	33	33.5	31	31	29		31.7	12
2016	27	32	30	32.5	35.5	35	33.5	31.5	30.5	31.5	30	28		31.4	12
2017	29.5	30.5	31	33.5	37	35.5	33	33.5	32.5		32	28		32.4	11
2018	28	29.5	33.5	35.5	39	37.5	35.5	32.5	29	32	29.5			32.9	11
2019	28	34.5	33.5	39	38	36		36.5		32	30	28.5		33.6	10
2020	26	31	36	35	35	35.5	34	33	31.5	32	31	27		32.2	12
2021	29	31.5	32	34.5	36.5	35.5	36.5	32	31	30	28	31		32.3	12
2022	27.5	31	36	36	36.5	35.5	35	32	28.5	31	30	28.5		32.3	12
2023	27.5	31	33	34	35	39	35	38.5						34.1	8
MÍNIMA	13	13	15	17	24	23	23	24	23	24	20	17		21.2	7
MÁXIMA	30	34.5	36	39	39	39	38.5	38.5	35	33.5	32	31		34.1	12
MEDIA	23.6	24.8	28.3	31.3	33.3	33.5	31.4	30.9	29.5	28.8	26.5	24.5		28.9	11.6
DESV.ST	4.1	5.3	5.1	4	3.7	3.3	3.3	3	2.5	2.6	2.8	3.3		2.9	1

TEMPERATURA MÍNIMA PROMEDIO
AÑO	ENE	FEB	MAR	ABR	MAY	JUN	JUL	AGO	SEP	OCT	NOV	DIC	ACUM	PROM	MESES
1945			20.1	20	23.5	25.7	24.1	23.7	23.1	21.1	18.3	15.2		21.5	10
1946	13.4	16.1	18.2	22.1	24.7	24.6	23.2	24	24.2	22.9	23.6	19.2		21.4	12
1947	15.6	15.7	17.8	21.4	23.1	25.8	25.2	23.4	22	21.7	19.9	15.1		20.6	12
1948	13.4	16.9	19.5	22.3	25	25.6	23.3	24.8	22.7	20.5	17.8	16.8		20.7	12
1949	14.9	16.5	19.7	20.9	24.8	26	25.9	23.8	24.8	24.5	24.9	24.9		22.6	12
1950	25.1	21.3		23.6	24.3	24	23.6	23.5	23.7	8	5.4	15		19.8	11
1951	14.1	15.9	19.3	21.3	24.1	26.1	24.9	24.7	23.4	21.2	19.9	18.5		21.1	12
1952	18.2	16.4	18.7	21.5	24.7	25.7	24.6	25.2	24.6		21	20.3		21.9	11
1953	19.5	17.8	21.2	22	24.4	26		24.8		21.5	17.7			21.7	9
1954	15.6	15.2	19.2	17.3	17.4	17.5	17.7	17.3	17.5	17.5	14.1	11		16.4	12
1955	9.5	9.8	10.7	10.7	17.1	17.2	15.9	16.2	16.3	14.4	12.8	11.4		13.5	12
1956	10.7	10.5	13.2		13.1	13.1	16.2	13.6	13.1	12.3	12.3	11		12.6	11
1957	9.6	9.9	10.8	13.3	15.9	18.7	15.2	15	15.4	15.2	13.6	10		13.6	12
1958	9.4	9.1	9.9	12.1	15.3	16	7.9	7.9	7.6	8	10.4	9.3		10.2	12
1959	7.2	8.8	8	9.5	9.8	10.3	8.8	9.5	9.3	8	8.3	8.5		8.8	12
1960	8.9	7.2	8.1	11.1	10.5	10.6	8.7	8	8	8.1	7.8	8.1		8.8	12
1961	7.8	7.5	8.3	8.2	7.9	8	7.5	13.5	14.7	14.5	13	7.5		9.9	12
1962	3.3	5.6	8.1	14.8	17.6	17.6	14.9	14.7	14.3	12.2	9.3	8.4		11.7	12
1963	8.2	8.4	11.4	13.2	17.8	18.3	18.3	18.6	16.3	12.1	11.7	10.2		13.7	12
1964	10.8	10.9	13.3	14.3	15.3	17.4	18.3	18.1	18.2	17.3	13.7	11		14.9	12
1965	12.6	11.3	17.3	17.5	17.7	18.4	18.3	16.5	15.9	13.1	12	10.9		15.1	12
1966	10.4	10.3	16	18.1	18.5	18.2	18.2	18.4	18.1	13.9	13.3	11.1		15.4	12
1967	11.4	11.2	15.6	17.1	18.3	20.6	17.6	18.2	17.5	13.8	14.6	8.6		15.4	12
1968	7.1	6.8	8.2	13.8	15.6	17.2	18.1							12.4	7
1969	16.1	16.1	16.2	16.5	16.9	17.7	17.9	18	18.2	18.3	18.1	10.7		16.7	12
1970	9.2	10.6	11.7	16.3	16	16.2	16.3	16.1	15.8	16.2	12.3	9.7		13.9	12
1971	9.8	7.5	10.4	12.5	17.5	18.2	17.8	17.3	18.3	17.7	17.1	9.5		14.5	12
1972	9.2	9.6	10.2	12.6	15.6	17.5	16.9	15.9	15.7	12.9	10.7	7		12.8	12
1973	7.1	11	9.5	10.3	14.6	15.6	15.7	14.5	13.8	11.8	6.6	3.5		11.2	12
1974	5.4	5.2	8.2	10.6	14.5	14.8	14.9	14.8	14.1	10.5	8.5	6.2		10.6	12
1975	5.3	6.1	8.7	12.3	12.6	14.9	14.2	14.4	13.5	10.2	5.7	5.6		10.3	12
1976	4.4	5.6	8.1	10.1	13.3	15.8	14.6	14.9	14.1	11.9	8.4	6.8		10.7	12
1977	6	5	8.6	10.5	14.5	15.1	14.5	15.4	14.4	13.1	7.7	5		10.8	12
1978	4.3	5.1	8.6	12.3	14.3	15.9	15.7	15.2	13.8	11.4	8.1	5.8		10.9	12
1979	5.8	5.6	8.3	11.6	14.1	14.9	15.6	14.7	13.2	12.5	5.6	7.9		10.8	12
1980	7.1	7	10.3	11.3	14.7	15.9	15	15.1	14.1	11.5	6.8	6.2		11.2	12
1981	5	7	9.8	11.8	13.9	15.7	15.4	14.8	13.6	12.3	6.3	4.8		10.9	12
1982	4.4	6.5	11.5	14.2	14.9	16.6	14.5	14.3	14.2	12	5.4	5		11.1	12
1983	4.5	5.3	7.9	9.7	14.4	15.4	14.5	13.9	13.8	11	7.2	4.5		10.2	12
1984	5.3	4.9	7.1	10.7	13.6	14.5	13.9	13.3	12.9	12.2	5.7	5.4		10	12
1985	5.2	6.6	10	11.2	15	15.6	13.4	14.5	14.2	13.2	7.9	4.6		10.9	12
1986	4.2	5.5	7.1	12.6	14.5	14.6	14.1	14.6	13.9	11.9	9.7	6.5		10.8	12
1987	5.4	8.8	11.8	13.2	14.1	15.3	14.5	14.7	13.8	12.8	9	7.2		11.7	12
1988	7.4	10.4	11	12.9	15.2	14.8	13.6	13.7	13.8		10.8			12.4	10
1989	9.4	7.3	6.6	13.5	15.5	16.8	14.9	14.6	12.8	6.5	6.8	4.7		10.8	12
1990	5.6	5.4	10	12.8	15.6	15.5	14.7	13.2	12	11.9	12.1	4.7		11.1	12
1991	4	10.4	6.6	12.8	15.6	15.5	14.7	13.2	12	11.8	12.1	5.9		11.2	12
1992	5.6	7.3	10	12.9	15.2	14.7	15	12.9	13.4	12	6.7	4.7		10.9	12
1993	7.4	6.6	10			14.4	14.9	14.4	12.8	8.3	5.2	2.2		9.6	10
1994	0.7	2.9	5.7	7.7	11.9	14.7	14.9	15	11.6	8.4	6.5	4.7		8.7	12
1995	0	4.4	5.4	6	12.7	14.6	14.5		12.9	6.9				8.6	9
1996	-1.1	3.9	2.1	5.9	12.7	14.5	15	13.8	12.8	7.7	3.2	1.5		7.7	12
1997	-0.4	2.3	5.7	7.3	10.2	13.3	14.2	12.7	12	8.5	4.5	-2.1		7.3	12
1998	-1.2	-1.3	2.5	4.9	10.5	15.2	14.7	14.2	12.3	10.4	4.8	1.3		7.4	12
1999	-2	2.5	3.3	8.8	9.2	14.4	11.9	12.3	11.1	6.5	1.5	-0.2		6.6	12
2000	0.9	2.6	4.6	7.9	12.6	14.2	12.1	11.3	11.3	8.2	4.5	1.1		7.6	12
2001	1.9	3.6	3.5	9.6	10.8	13.1	14.1	14	12.6	7.7	3.3	2.7		8.1	12
2002	0.5	3.2	5.9	10.2	13	13.7	13.2	13	11.5	9	4.3	0.5		8.2	12
2003	1.4	3.9	3.9	9.8	12.3	14.4	13.4	11.8	13.1	8	4.1	-1.8		7.9	12
2004	1.9	0.9	5.5	7.4	11.6	13.2	13.2	13.3	12.7	8.3	1.8	1.6		7.6	12
2005	1.7	5.4	3	6.4	9.6	12.1	14.3	13.1	11.1	9.5	2.5	1.6		7.5	12
2006	0.4	2.5	4.9	8.6	11.6	13.1	13.6	12.8	12.5	9.7	3	1.9		7.9	12
2007	2.1	1.6	4.5	6.6	10.9	13.1	13.2	12.7	12	6.5	3.8	1.3		7.4	12
2009	2.1	1.6	5	5.3	11.2	13.4	13.9	13	12.5	9.2	2.5	0.7		7.5	12
2010	-0.5	1.3	2.8	5.4	9.6	14.1	14.5	13.2	13.3	5.2	0.5	-1.7		6.5	12
2011	-1	0.4	5.9	7.7	10	13.2	14	13.5	10.8	7.3	2.5	1.3		7.1	12
2012	1.3	3.5	5.5	7.4	10.7	12.6	13.8	13	10.8	8.2	5.1	2		7.8	12
2013	1.5	3.1	3	6.4	11.2	13.5	13.2	12.4	12.1	8.7	5.5	2.3		7.7	12
2014	0.9	2.4	5.1	7.4	10	13.5	12.3	13.1	11.8	7.6	2.5	1.2		7.3	12
2015	3.5	3.9	6.1	8.6	10.1	13.2	12.3	12.2	11.3	8.5	6.7	2.2		8.2	12
2016	-1.2	1.8	4.4	6.5	11	11.8	13.5	14	11.9	8.2	5.5	3.1		7.5	12
2017	1.3	1.4	4.9	6.4	9.7	13.1	13.1	13.7	12.1		3	2.2		7.4	11
2018	1.2	5.8	6.4	7.8	11.8	13.5	12.4	12.5	13.3	9	3.1			8.8	11
2019	1.5	4.1	5.7	5.9	9.3	14.3		14.3		9.1	6.6	1.7		7.2	10
2020	2.2	3.6	8.1	8.8	10.3	13.2	14	11.8	11.1	5.1	3.4	0.2		7.7	12
2021	-1	1.6	4	7.2	11.2	13	13.1	12.7	11.4	9	3.2	1.8		7.3	12
2022	0.9	0.9	2.3	7.3	10.5	13.8	13.8	13.6	10.8	6.1	2.5	0.9		7	12
2023	-0.3	2.2	4.3	8.6	11.5	13.3	14.4	13.6						8.4	8
MÍNIMA	-2	-1.3	2.1	4.9	7.9	8	7.5	7.9	7.6	5.1	0.5	-2.1		6.5	7
MÁXIMA	25.1	21.3	21.2	23.6	25	26.1	25.9	25.2	24.8	24.5	24.9	24.9		22.6	12
MEDIA	6	7	9.2	11.8	14.5	16.1	15.4	15.2	14.4	11.7	8.8	6.4		11.4	11.6
DESV.ST	5.6	4.9	5	4.8	4.4	4	3.7	3.8	3.9	4.5	5.7	5.6		4.4	1

TEMPERATURA MÍNIMA EXTREMA
AÑO	ENE	FEB	MAR	ABR	MAY	JUN	JUL	AGO	SEP	OCT	NOV	DIC	ACUM	PROM	MESES
1945			16	16	21.5	24	23	22	21	19	16	11		19	10
1946	10	12	14	20	22	20.5	22	23	22	21	20	14		18.4	12
1947	10	13	12	17	21	24	21	22	20	21	14	11		17.2	12
1948	11	14	16	18	23	24	21	24	20	16	13	14		17.8	12
1949	10	15	15	17	23	25	24	23	22	22	24	18		19.8	12
1950	24	17		21	21	19	22	22	23	7	4	13		17.5	11
1951	11	11	17	18	21	22	23	23	20	20	18	17		18.4	12
1952	17	15	10	17	23	24	23	24	23		19	18		19.4	11
1953	18	15	18	19	23	25		22		20	16			19.6	9
1954	15	12	17	16	17	17	17	16	16	17	11	10		15.1	12
1955	8	9	10	10	16	16	10	14	14	12	10	10		11.6	12
1956	10	10	11		11	11	12	12	11	11	11	9		10.8	11
1957	8	9	10	11	11	16	12	12	12	13	12	9		11.2	12
1958	8	9	9	10	10	14	6	6	5	6	9	7		8.2	12
1959	5	6	5	7	8	8	6	7	6	6	7	6		6.4	12
1960	7	5	7	10	8	9	7	6	6	7	6	6		7	12
1961	6	6	7	7	6	6	6	11	13	13	11	2		7.8	12
1962	0	4	4	13	15	14	13	14	13	11	8	7		9.7	12
1963	7	7	10	12	13	17	15	18	15	10	11	8		11.9	12
1964	8	10	12	12	14	14	17	16	16	15	11	10		12.9	12
1965	12	9	15	15	14	16	16	15	14	12	10	10		13.2	12
1966	10	10	12	16	16	17	15	17	16	13	12	10		13.7	12
1967	3	10	10	15	16	16	15	16	16	10	10	6		11.9	12
1968	5	4	-0.8	8	14	12	17							8.5	7
1969	12	15	15	15	15	16	14	16	16	17	17	10		14.8	12
1970	7	10	11	15	14	13	13	15	14	13	7	8		11.7	12
1971	8	3	8	8	10	15	15	15	16	16	10	8		11	12
1972	7	7	9	9	12	13	15	14	12	10	6	3		9.8	12
1973	1	6	6	4	10	11	13	10	12	7	2	1		6.9	12
1974	1	2	5	7	11	12	10	13	10	8	2	1		6.8	12
1975	1	2	5	8	10	11	9	12	10	6	1	1		6.3	12
1976	2	1	5	7	9	13	12	13	13	9	3	2		7.4	12
1977	4	3	1.2	5	12	12	10	14	12	11	4	1		7.4	12
1978	1	1	5	4	9	14	14	14	12	8	5	3		7.5	12
1979	1	2	4	9	10	12	14	12	7	10	1	3		7.1	12
1980	3	4	6	7	11	14	13	14	12	6	2	3		7.9	12
1981	1	4	6	9	9	14	10	12	10	8	4	3		7.5	12
1982	1	1	5	12	12	14	13	13	12	5	3	2		7.8	12
1983	2	3	5	5	11	14	12	12	12	7	3	1		7.2	12
1984	2	1	3	7	10	12	12	10	9	8	1	3		6.5	12
1985	1	3	5	8	11	13	10	11	12	8	1	1		7	12
1986	1	2	4	8	11	10	11	13	11	4	2	1		6.5	12
1987	1	2	5	5	9	12	12	13	11	10	5	5		7.5	12
1988	3	7	8	9	14	13	11	12	10		9			9.6	10
1989	6	2	1	10	13	14	13	12	5	5	5	2		7.3	12
1990	1	4	7	10	12	14	10	10	10	8	10	2		8.2	12
1991	-1	7	1	10	13	14	10	10	10	8	10	0		7.7	12
1992	1	2	7	9	14	12	13	10	8	8	4	2		7.5	12
1993	3	3	5			10	12.5	12.5	6.5	-0.5	-1.5	-3		4.8	10
1994	-7	-3	0.5	3	2.5	12	12.5	11	6	5	2	-4		3.4	12
1995	-3.5	-3.5	1	2.5	6.5	9.5	11		10.5	0.5				3.8	9
1996	-4.5	-0.5	-6	0	7.5	12	12.5	11.5	8.5	2	-3	-4.5		3	12
1997	-8	-3	0	0	5.5	9.5	12	10.5	7	0.5	-1.5	-9.5		1.9	12
1998	-5	-5.5	-1	0.5	6	11	12.5	11.5	9.5	6.5	1.5	-2.5		3.8	12
1999	-6.5	-1.5	-3	4.5	3	12.5	8	9.5	8	-0.5	-3	-6		2.1	12
2000	-2.5	-4.5	0	0	9	12.5	9	8	4	4.5	-2.5	-4		2.8	12
2001	-7	-2	-1.5	5	5.5	11	10.5	10.5	10	1	-1	-6		3	12
2002	-5.5	-3	0.5	7	9.5	11	10.5	10.5	5	4	-4.5	-5		3.3	12
2003	-4	-2	-1.5	2	10	10.5	10.5	10	10	-1	-2.5	-6.5		3	12
2004	-3.5	-3.5	-1	2.5	4.5	10	9	10	9	4.5	-3	-6.5		2.7	12
2005	-4	0.5	-0.5	-0.5	5	9	10	8.5	8	4.5	-3	-2.5		2.9	12
2006	-8	-1.5	2	4	7.5	10	11	10	10	3.5	-2.5	-5.5		3.4	12
2007	-2	-1.5	-1.5	2	7.5	5	10	10	9	-2.5	-1	-4.5		2.5	12
2009	-3	-3.5	-0.5	0	8.5	9	11.5	9.5	10	0.5	-0.5	-4		3.1	12
2010	-6	-4	-3	1	3	11	11	9.5	6.5	2	-3	-6.5		1.8	12
2011	-4.5	-10	2	4.5	5	10	12	10	7	2.5	-9.5	-4		2.1	12
2012	-5	-1	-1	2.5	5.5	9.5	10.5	9.5	5.5	5	3	-3		3.4	12
2013	-4.5	-2.5	-4.5	2	0	11	11	9.5	0.5	3	-5	-1.5		1.6	12
2014	-4.5	-1.5	-2	1.5	2.5	10.5	10	10.5	8.5	2.5	-8.5	-6		2	12
2015	-1.5	-0.5	2	5	5.5	8.5	8.5	8.5	7	4	1	-7		3.4	12
2016	-5.5	-4.5	-1	0.5	6.5	7	10.5	11	8	3.5	1.5	-4		2.8	12
2017	-3.5	-3	0.5	-0.5	6	11.5	11	10.5	6.5		-4.5	-10.5		2.2	11
2018	-3.5	2	3	-1.5	7.5	10.5	9.5	9	11	5.5	-6.5			4.2	11
2019	-4.5	0	2	2.5	5	10.5		11		3	0.5	-3.5		2.6	10
2020	-4.5	-3.5	3.5	1	1.8	9.5	12.5	8.5	3.5	0.5	0.5	-6.5		2.2	12
2021	-7.5	-2.5	0.5	2.5	4.5	10	10.5	8.5	8.5	0.5	0.5	-5.5		2.5	12
2022	-2.5	-6	-5	3	6	10.5	11.5	5	5	0	-3	-4.5		1.7	12
2023	-4	-4.5	-1	3.5	7	9.5	11	9.5						3.9	8
MÍNIMA	-8	-10	-6	-1.5	0	5	6	5	0.5	-2.5	-9.5	-10.5		1.6	7
MÁXIMA	24	17	18	21	23	25	24	24	23	22	24	18		19.8	12
MEDIA	2	3.2	5	7.7	10.7	13.2	12.7	12.8	11.1	7.8	4.5	2.2		7.8	11.6
DESV.ST	6.8	6.1	5.9	5.8	5.6	4.4	4.1	4.5	4.9	6	7.1	7		5.2	1

TEMPERATURA MEDIA MENSUAL
AÑO	ENE	FEB	MAR	ABR	MAY	JUN	JUL	AGO	SEP	OCT	NOV	DIC	ACUM	PROM	MESES
1945			21.6	22.3	25.4	27.4	25.4	25.1	25	23.1	20.9	17.8		23.4	10
1946	16	18.5	21.2	24.5	27	26.4	23.8	25.6	25.6	24.2	24.5	20.6		23.2	12
1947	17.2	18	20.4	23.4	24.8	27	26.6	24.8	23.1	23.3	21.3	16.8		22.2	12
1948	15	19	21.6	24.5	26.6	27.2	24.9	26.4	24.4	22	19.9	18.9		22.5	12
1949	17.1	18.7	21.8	22.4	26.2	27.2	27.1	25.3	26.1	26.2	26.4	26.7		24.3	12
1950	26.6	22.2		25.7	26.6	26.4	25.2	25	25.1	19	17	17.2		23.3	11
1951	16.1	18	20.9	23	25.6	27.6	26.4	26.6	24.5	22.4	20.8	19.4		22.6	12
1952	19.1	18	20.6	23	26.4	27	25.8	26.5	25.8		22	21.2		23.2	11
1953	20.2	19.6	22.7	23.6	25.9	28.3		26.4		23.8	18.6			23.2	9
1954	16.6	16.2	20.5	19.8	19.8	19.7	20.1	20.3	20.7	20.1	17.3	12.7		18.6	12
1955	10.9	11.2	12.3	12.8	19.6	20.5	20	19.9	20	18.6	15.9	13.6		16.3	12
1956	12.8	12	16		18.3	18.2	20.3	18.5	18.1	17.4	17	14.5		16.6	11
1957	11	11.3	12.9	17.9	21.4	23.8	19.2	19.6	19.9	19.6	17.7	11.7		17.2	12
1958	10.9	10.3	11.9	18.4	20.2	20.5	15.4	15.8	15.5	15.5	15.9	12.2		15.2	12
1959	11.4	12.3	10.8	16.6	16.9	17.9	16.5	17.1	16.6	15.8	15.8	12.5		15	12
1960	13.3	9.7	11.6	17	17.6	18.9	17.9	17.1	17	16.8	16.4	16.2		15.8	12
1961	12.8	11.2	16.2	16.9	16.8	16.4	16	21	21.1	20.8	18.4	13.2		16.7	12
1962	5.9	9.4	16.9	21.8	25.8	25	22.3	22.1	21.6	17.5	14.2	13.1		18	12
1963	12	11.1	16.6	18.9	25.6	26	26	26.2	22.9	17.8	16.9	15.8		19.6	12
1964	16.4	16.8	19.1	20.9	22.1	25.2	26.2	25.8	24.9	22.4	19.4	16.1		21.3	12
1965	16.9	15.1	20.4	20.7	25.5	26	25.9	23.1	22.2	18.3	16.4	13.9		20.4	12
1966	12.2	12.4	18.4	22	24.4	25.1	25	25	25.4	19.4	17.1	15.8		20.2	12
1967	13.3	13.9	18	21.9	22.8	24.7	22.2	23.6	22.4	18.5	17.6	12.4		19.3	12
1968	10.1	10.1	12.9	17.8	21.8	22.6	23.2							16.9	7
1969	18.7	18.8	19	19.4	20	21.4	21.4	21.9	22.4	21.6	21.1	13		19.9	12
1970	10.8	13.4	14.3	20.1	20	20.3	19.6	19.4	19	19.2	14.4	11.6		16.8	12
1971	11.6	9.6	12.4	14.8	22.1	22.7	21.6	20	21	20.3	19.6	11.7		17.3	12
1972	10.6	10.9	11.8	18.7	23.4	23.4	22.2	21	20.1	18.6	16.2	12.2		17.4	12
1973	11.6	16.3	17.6	19.8	23.1	23.4	22.5	18.6	19	17.2	14.9	11.3		17.9	12
1974	13.6	13.7	17.4	20	23.1	23.5	22.5	21.8	20.9	16.8	14.8	11.8		18.3	12
1975	11.8	13.4	17.6	21.8	21.8	23	20.4	20	19.4	17.5	14.2	11.6		17.7	12
1976	11.6	13.4	17.7	19.4	21.9	23.3	19.4	20.6	19.2	16.8	12.4	10.9		17.2	12
1977	12.4	13.4	17.8	18.8	22.6	22.4	21.7	22.4	21.3	19.2	14.5	13.2		18.3	12
1978	12.5	12.6	16.7	20.8	23	23.6	22.7	21.1	18.5	16.4	15.2	13		18	12
1979	12.8	13.4	17.4	20.9	23	22.6	23	21.1	19.7	19.9	13.6	13.3		18.4	12
1980	13	14.1	18.9	19.4	23.4	24.3	22.4	22	20.9	18	13	11.9		18.4	12
1981	9.6	14.2	17.2	19.5	22.4	23	22.4	21.6	19.8	18.8	13.8	12.6		17.9	12
1982	12.8	14.9	20.2	22.4	23.2	25.1	21.4	21.5	21.1	18.6	13.6	11.2		18.8	12
1983	10.8	13.2	16.2	19.5	22.4	23.4	21	20	19.6	17.6	14.4	12.7		17.6	12
1984	11.2	12.2	16.4	20.4	21.7	21.8	19.3	20	18.6	18.5	13.9	13.3		17.3	12
1985	11.7	14.5	18.2	19.4	23.3	22.4	20.1	21	20.6	18.6	15.1	11.6		18	12
1986	11.2	14.7	16.8	21	22	21	20.5	21.4	19.4	16.9	16.1	12.2		17.8	12
1987	8.9	14.2	17.4	20.4	21.9	22.8	21	21.2	19.9	17	14.6	14.2		17.8	12
1988	13.2	15.8	16.9	19.9	23.6	22.2	20	19.9	20.4		16.6			18.9	10
1989	14.8	15.4	16.1	20.8	24.6	25.5	22.6	21	19	15.3	14.9	13.5		18.6	12
1990	13.6	14.2	18.2	19.9	24.2	23.9	19.9	18.4	17.6	18	17.7	13.5		18.3	12
1991	12.4	15.8	16.1	19.9	24.6	23.8	19.9	18.4	17.6	17.9	17.8	13.6		18.1	12
1992	13.6	15.3	18.2	19.9	23.6	22.2	22.7	21.8	20	19	14.8	13.5		18.7	12
1993	13.2	14.6	18.2			22	22.4	22.2	19.6	18	15.2	13		17.8	10
1994	11.2	14.4	16.2	18	22	22.2	22.4	22.9	19.1	17.9	16.8	14		18.1	12
1995	11.2	14.2	16.8	17.8	23.1	23.4	22		20.6	17.2				18.5	9
1996	11.4	14.8	14.2	16.9	22.9	22.1	22.7	20.8	20	16.2	13.2	11.9		17.3	12
1997	10.2	12.8	15.1	16	19.6	22	21.9	21.2	19.9	17.1	14.6	8.5		16.6	12
1998	10.1	10.6	14.7	18	22.4	24.5	23	21.2	19.5	18.8	15.2	12.3		17.5	12
1999	10.4	14.2	15.3	20	21	22.6	20.4	21.2	20	16.4	12.4	10.3		17	12
2000	12.3	14	16.2	19.2	22.3	20.9	20.9	19.6	19.7	17.3	14.4	11.6		17.4	12
2001	11.9	14	14.3	20.5	20.5	21.7	22.2	21.8	19.9	17.2	13.6	12.1		17.5	12
2002	11.6	12.8	16.6	20.6	22.8	22	21	21	19.1	18.2	13.5	10.9		17.5	12
2003	11.3	14.4	15.1	19.6	23.1	22.5	20.2	19.7	19.4	16.3	14.6	10		17.2	12
2004	10.1	11.5	16.1	17.6	21.1	20.8	20.3	20.4	18.9	18	12.8	11.5		16.6	12
2005	12.1	13.1	13.7	18	20.5	22.7	21.6	20.2	19.9	18.2	13.8	12.1		17.2	12
2006	11.4	14.2	16.4	20.3	21.1	21.4	21	20	19.4	17.5	13.6	10.8		17.3	12
2007	11.5	12.7	16	17.8	21	21.9	20.6	20.9	19.9	16.6	14.6	13		17.2	12
2009	13.3	14.1	16.7	18.1	21.5	22.4	22.4	21.2	19.4	18.2	12.9	11.3		17.6	12
2010	10.1	10.9	14.2	17.9	21.7	23.5	21.2	22.2	20.6	16.5	12.6	11.2		16.9	12
2011	11.2	13.2	17.6	20.5	22	23.2	22	22	19.9	17.3	13.6	12.6		17.9	12
2012	12.2	13.2	16.8	19	21.5	21.6	21.6	21.2	19	18.1	15.2	12.8		17.7	12
2013	11.2	14.3	14.8	18.5	21.3	22.7	20.5	20.6	19.1	18.2	14.1	12.1		17.3	12
2014	10.8	14.9	16.6	18.8	20.6	22.3	20.8	21.2	19.6	18	12.6	12.3		17.4	12
2015	12.2	13.5	14.6	18.6	20.6	21.2	20.3	21.1	20.2	17.6	16.6	12.8		17.4	12
2016	9.8	13.8	15.1	18	22.1	21.6	22.4	21	19.8	17.9	14.4	14.2		17.5	12
2017	12.5	13.8	16.4	18.7	21.6	23.1	21.5	21.4	19.2		14.9	11.7		17.7	11
2018	11.9	15.6	18.1	19.5	22.3	22.3	21.4	21.2	20	17.4	13.7			18.5	11
2019	12.6	15.9	17.6	18	21.5	23.7		23.2		19.2	15.8	12.2		18	10
2020	11.8	14.1	19	20.5	21.2	22.5	21.8	20.8	19	17	15.4	11.8		17.9	12
2021	11	14.5	16.8	19.2	21.7	21.6	20.6	20.6	19.4	18.1	14.5	13.8		17.6	12
2022	12.2	12.8	15.8	19.7	22.4	22.9	22.5	21.6	18.5	16.5	14.9	12.7		17.7	12
2023	12.2	14.1	17.2	19.4	21.6	24.5	23.1	22.6						19.3	8
MÍNIMA	5.9	9.4	10.8	12.8	16.8	16.4	15.4	15.8	15.5	15.3	12.4	8.5		15	7
MÁXIMA	26.6	22.2	22.7	25.7	27	28.3	27.1	26.6	26.1	26.2	26.4	26.7		24.3	12
MEDIA	12.6	14.1	16.8	19.7	22.4	23	21.8	21.6	20.4	18.5	15.9	13.4		18.4	11.6
DESV.ST	2.9	2.5	2.5	2.2	2.2	2.3	2.3	2.3	2.2	2.1	2.8	2.8		2	1
