COMISIÓN NACIONAL DEL AGUA
COORDINACIÓN GENERAL DEL SERVICIO METEOROLÓGICO NACIONAL
BASE DE DATOS CLIMATOLÓGICA NACIONAL 

ESTADÍSTICA MENSUAL
EMISIÓN   : 13/09/2024 

DATOS DISPONIBLES EN LA BASE DE DATOS A: SEPTIEMBRE DE 2024; 
CON LA INFORMACIÓN SUMINISTRADA POR LAS UNIDADES ADMINISTRATIVAS 

 ESTACIÓN  : 32045 
 NOMBRE    : RIO GRANDE (SMN) 
 ESTADO    : ZACATECAS 
 MUNICIPIO : RÍO GRANDE 
 SITUACIÓN : OPERANDO 
 CVE-OMM   :   
 LATITUD   : 23.81694444 ° 
 LONGITUD  : -103.0258333 ° 
 ALTITUD   : 1902 msnm 


LLUVIA MÁXIMA 24 H.
AÑO	ENE	FEB	MAR	ABR	MAY	JUN	JUL	AGO	SEP	OCT	NOV	DIC	ACUM	PROM	MESES
1922						30.5	12.5	17	50	8	0.01	0	118.01	16.9	7
1923	0.01	12.5	8.2	0	2.5	14.2	20.2	30	21.2	30	20	15.5	174.31	14.5	12
1924	0	0	0	0.01	0.01	7.7	9.7	6.5	30.2	0	0	5.7	59.82	5	12
1925	0	0	26	0	1.5	16.5	9.5	25	47.7	7.5	26.5	19.2	179.4	14.9	12
1926	32.7	0	5	4	8.7	25.1	18.5	38.2	17.2	6.2	3.5	0.01	159.11	13.3	12
1927	0	0.01	0	5	0.2	50	36	23	45	80	0	13	252.21	21	12
1928	0.01	0.01	0.01	0	13.5	20	8	18	50	15	16	0	140.53	11.7	12
1929	0.01	0	0	5	0.01	2	12	17.5	11.5	14	9	2	73.02	6.1	12
1930	2	6.5	0.01	12.5	40	10	35	11.5	40	18	25	8	208.51	17.4	12
1931	25	8	0	11.5	14	28	15	29	27.5	3	0.01	14	175.01	14.6	12
1932	6	6	0	0	0.01	0.01	19	18	17	0.01	0	0	66.03	5.5	12
1933	0.01	20	0	0	0.01				28	5	0	0	53.02	5.9	9
1934	4	4.5	2.5			23	32	18	27	14	2	5.5	132.5	13.2	10
1935	15	15	5	0	22	32	29	4.5	46.7	6.2	8.5	0.01	183.91	15.3	12
1936	0.01	0.01	0.01						33			0.01	33.04	6.6	5
1941										2.6	11	25	38.6	12.9	3
1942	11.3	4.5	1.3	3.5	1.5	8	7	5	16.5	20	13.5	0.01	92.11	7.7	12
1943	24	0	0	10.5	0	38.5	79.5	29.5	24	19	12	4	241	20.1	12
1944	6	11	18	0		17	29	25	27	11	21	0.01	165.01	15	11
1945	7	0	6	0	0.01	13	18	16	11.5	0.01	0.01	0.01	71.54	6	12
1946										0	0.01	24	24.01	8	3
1947	34		0	3	26	14	14	27	28	27.5	1	5	179.5	16.3	11
1948	50	0.01	0	16.5	0.01	30	20	17	27	17	0.01	0.01	177.54	14.8	12
1949	2	19	0.01	0.01	5	17	23	25	0.01	22	0.01	0.01	113.05	9.4	12
1950	0.01	0.01	0.01	0.01	2	20	20	39	37	4	0.01	0.01	122.06	10.2	12
1951	0.01	0.01	3	6.8	0.01	25	25	5	50	20	20		154.83	14.1	11
1952	0.01	0.01	0.01	5	0.01	10	135	20	19	7	0.01	0.01	196.06	16.3	12
1953	0.01	25	5	2	20	18	12	22	30	25	43	14	216.01	18	12
1954	0	0	0	0	20	18	16	22	20	0.01	0	0	96.01	8	12
1955	0	0	0	0	0.01	0	23	36	32	0	0	0	91.01	7.6	12
1956	0	0	0	0	12.1	14	0	18	0	22	0	0	66.1	5.5	12
1957	0	0	0	0	6	0	27	8	25	10	0	2	78	6.5	12
1958	7	0	20	0	9	45	17	42	70	30	10	12	262	21.8	12
1959	0	4	8	0	5	15	20	18	32	28	16	0.01	146.01	12.2	12
1960	0	0	0	0.01	0	0	18	16	0.01	0	0	0	34.02	2.8	12
1961	8	0	0	3	5	11	54	26	25	20	0	0	152	12.7	12
1962	15	0	0	7	8	12	9	24	45	14	0	5	139	11.6	12
1963	0	0	0	2	36	38	38	24	35	9	2	20	204	17	12
1964	9	0	0	3	15	17	20	20	7		6	10	107	9.7	11
1965	4	0	0	0	10	25	10	15	8	6			78	7.8	10
1968	0	3	15	0	4	0							22	3.7	6
1969	0												0	0	1
1970	0	13	0		0	20	20	7	47				107	13.4	8
1991	1	2	0	0	2.5	18	22.5	35	29	41	1.5	16	168.5	14	12
1992	35	1	1	2.5	13.5		36	19.5	31.5	14.5	5.5	2.5	162.5	14.8	11
1993	7.5	2	0	0	7	10	13	37	38	1.5	25	5	146	12.2	12
1994	3.5	0	4	17.5	4	15.5	3.5	15	14	11.5	18	7	113.5	9.5	12
1995	5	1	0	0	0	16.5	7.5	26	10	0	0.01	4.5	70.51	5.9	12
1996	0	5	0	6	2	25	16.5	17	14.5	90	24	0.01	200.01	16.7	12
1997	19	14	8.5	14	20	22	12	7.7	9.5	7	16.1	14	163.8	13.7	12
1998	0	6.3	0	0	0	15.5	3	53	24	8	11	0	120.8	10.1	12
1999	0	0	0	1	4.5	24	31	11	10.3	2.8	6.6	6.5	97.7	8.1	12
2000	0	0	0	0	15.5	45.5	20	3.2	16.5	14.5	2.5		117.7	10.7	11
2005	3.7	20	3.5	1.4	0.01	16.5	31	31.5	11	26	4	5.5	154.11	12.8	12
2006	20	0	0	0	15.5	20.5	11	26.5	53.5	20.5	0.01	10.5	178.01	14.8	12
2007	3	0	0	3	0.01	65.2	20	6	25	13.5	6.5	0	142.21	11.9	12
2008	0			3.5	12	27	20	20	20	7	0	0.01	109.51	11	10
2009	0.01	0	2	0.01	10	18	12.5	43	35	30.5	9.5	3	163.52	13.6	12
2010	5	20	0.01	1.7	0.01	12	44	16.2	43.4	0.01	0	0	142.33	11.9	12
2011	0	0	0	0.01	2.3	3.7	33.2	33.8	11.3	13.7	0.01	0	98.02	8.2	12
2012	19	7.3	4.5	1.6	0.01	9.2	28.6	16.8	11.7	3.6	0.6	0.01	102.92	8.6	12
2013	4.6	0	0.01	0.01	2.1	10.3	22.6	31.3	48.6	7.2	9.3	15.8	151.82	12.7	12
2014	9.6	0	0	0	3.3	30.6	18.2	29.3	21	18.6	11.4	3.6	145.6	12.1	12
2015	11.8	46.8	43.8	1.3	5.8	32.1	13.4	4.4	52.6	37.2	5.2	0.01	254.41	21.2	12
2016	1.3	11.7	4.2	0.01	6.3	13.6	25.2	48.5	41.5	3.2	36.6	0.4	192.51	16	12
2017	0	0	12.4	0.01	2.7	22.7	28.7	13.3	22.9	10.9	0	23.7	137.31	11.4	12
2018	7.4	27.3	0	1.7	18.5	44.5	11.9	12.9	29.4	31.4	11.3	0.4	196.7	16.4	12
2019	1.6	0	1.8	0.01	5.3	9.4	20.4	29.8	33.4	2.6	50.8	15.1	170.21	14.2	12
2020	11.4	6.3	0.6	0.01	0.01	34.9	38	21.5	10.6	0	0	0.8	124.12	10.3	12
2021	0.01	0	0	1.2	11.3	32.1	26.2	29.4	143.86	6.1	146.64	1.1	397.91	33.2	12
2022	0	0	0	115	0.01	12	18.5	17.2	37	14	0	0	213.71	17.8	12
2023			0	2.1	3	12	25		13.2				55.3	9.2	6
2024		16	0	0	0	29.2	38.2	20					103.4	14.8	7
MÍNIMA	0	0	0	0	0	0	0	3.2	0	0	0	0	0	0	1
MÁXIMA	50	46.8	43.8	115	40	65.2	135	53	143.86	90	146.64	25	397.91	33.2	12
MEDIA	6.3	5.1	3.1	4.2	6.9	19.9	23.3	21.8	29	14.5	10.1	5.2	136.7	12.2	10.9
DESV.ST	10.3	8.8	7.2	14.5	8.7	12.9	18.7	11	20.6	16.2	20.3	7.1	66.4	5.2	2.4

LLUVIA TOTAL MENSUAL
AÑO	ENE	FEB	MAR	ABR	MAY	JUN	JUL	AGO	SEP	OCT	NOV	DIC	ACUM	PROM	MESES
1922						32.7	30.12	29.72	129.94	8.2	0.04	0	230.72	33	7
1923	0.01	27.2	15.73	0	2.54	19.49	52.93	80.67	103.45	97.54	107.73	15.5	522.79	43.6	12
1924	0	0	0	0.01	0.02	12.62	39.1	14.11	108.5	0	0	24.3	198.66	16.6	12
1925	0	0	47.6	0	1.5	37.4	33.6	39.93	190.91	15	51.9	81.44	499.28	41.6	12
1926	46.1	0	5	4.01	26.1	95.54	112.04	145.2	29.62	11.91	5	0.01	480.53	40	12
1927	0	0.02	0	5.01	0.28	157.51	179.53	68.01	120.51	128.01	0	25.21	684.09	57	12
1928	0.03	0.01	0.03	0	20.07	20.03	8.02	66.52	234.53	15.01	36.01	0	400.26	33.4	12
1929	0.02	0	0	5	0.01	2.02	73.54	83.05	24.55	17	32.01	2.02	239.22	19.9	12
1930	4.01	6.5	0.01	26.52	59.55	59.55	154.53	49.51	40.01	86.53	65.02	8.03	559.77	46.6	12
1931	57.5	23.04	0	11.52	63.04	60.02	102.04	69.07	39.05	3.05	0.02	26.5	454.85	37.9	12
1932	11	22.02	0	0	0.03	0.1	72.58	36.57	79.56	0.01	0	0	221.87	18.5	12
1933	0.02	20	0	0	0.03				81.55	11.03	0	0	112.63	12.5	9
1934	4	4.5	2.5			75.02	176.52	88.54	102.04	26.55	2.02	5.54	487.23	48.7	10
1935	15.01	21.02	5.01	0	28	158.04	139.52	24.08	231.14	14.71	14.7	0.03	651.26	54.3	12
1936	0.02	0.04	0.01						96.53			0.05	96.65	19.3	5
1941										7.63	12.21	42.7	62.54	20.8	3
1942	11.3	9.81	1.81	5.03	1.5	26	26	13.91	75.23	59.82	17.24	0.02	247.67	20.6	12
1943	36.01	0	0	10.51	0	157.52	164.53	49.01	182.02	75.19	12.27	6.53	693.59	57.8	12
1944	9	21.01	35	0		29.53	108.72	140.03	110.53	16.5	49.52	0.01	519.85	47.3	11
1945	12.05	0	6	0	0.03	52.53	96.05	78.6	26.52	0.03	0.01	0.02	271.84	22.7	12
1946										0	0.01	42.01	42.02	14	3
1947	61.02		0	3.01	26.01	20	35.02	152.54	112.03	107.03	1.01	14.5	532.17	48.4	11
1948	50.2	0.23	0	16.53	0.01	75.29	67.74	56.68	80.14	33.24	0.24	0.3	380.6	31.7	12
1949	2.25	19.22	0.31	0.17	5.24	44.1	99.16	40.25	0.2	61.15	0.19	0.19	272.43	22.7	12
1950	0.29	0.26	0.27	0.12	2.12	37.01	27.11	108.1	41.19	4.25	0.26	0.23	221.21	18.4	12
1951	0.24	0.23	7.22	9.94	0.25	25.21	88.03	11.23	132.19	40.21	20.21		334.96	30.5	11
1952	0.27	0.14	0.21	6.23	0.25	20.21	135.06	27.21	31.26	12.29	0.25	0.2	233.58	19.5	12
1953	0.1	25.01	5.29	4.26	28.05	29	29	138	63	53	61	22.5	458.21	38.2	12
1954	0	0	0	0	27.01	29	52	138	27.05	0.01	0	0	273.07	22.8	12
1955	0	0	0	0	0.04	0	62.04	180.5	32	0	0	0	274.58	22.9	12
1956	0	0	0	0	33.5	53	0	28	0	30.04	0	0	144.54	12	12
1957	0	0	0	0	11	0	37	13	41	25	0	2	129	10.8	12
1958	11	0	20	0	20	115	45	122	92	207	20	40	692	57.7	12
1959	0	22	35	0	18	31	102.03	104	161	208.04	56	0.03	737.1	61.4	12
1960	0	0	0	0.04	0	0	48.07	106.06	0.15	0	0	0	154.32	12.9	12
1961	18	0	0	5	5	57	102	100	73	34	0	0	394	32.8	12
1962	15	0	0	22	8	41	15	34	83	30	0	7	255	21.2	12
1963	0	0	0	2	77	77	142	89	88	12	3	20	510	42.5	12
1964	16	0	0	3	57	30	99	34	25		19	30	313	28.5	11
1965	9	0	0	0	14	57	34	71	23	9			217	21.7	10
1968	0	5	29	0	6	0							40	6.7	6
1969	0												0	0	1
1970	0	19	0		0	99	66	28	212				424	53	8
1991	1	2	0	0	2.5	44.4	168.7	146.6	76.1	101.22	3.5	47.5	593.52	49.5	12
1992	126	1	1.5	5	41		95	34.5	58	31	26	3	422	38.4	11
1993	7.5	2	0	0	10	24	56	118.5	88.5	1.5	45.5	5	358.5	29.9	12
1994	7	0	7	30	6	77.5	18.5	85	39.5	29.5	20	9.5	329.5	27.5	12
1995	9	1.5	0	0	0	28	26.02	69	31.03	0	0.01	4.52	169.08	14.1	12
1996	0	7	0	6	5	70.53	43.01	48.54	44.04	174.52	24.5	0.01	423.15	35.3	12
1997	32.5	14	13.5	24.5	45.6	73.2	32	25.7	26	14	29.1	14	344.1	28.7	12
1998	0	6.3	0	0	0	25	10.6	155.9	47	14	11	0	269.8	22.5	12
1999	0	0	0	1	6.5	118.2	38.5	23	35.5	4	6.6	11.8	245.1	20.4	12
2000	0	0	0	0	41.6	175.71	50.3	16.2	33.8	41.5	4.9		364.01	33.1	11
2005	3.7	61.91	4.8	1.4	0.02	17	49.34	112.63	28.03	59.12	5	5.5	348.45	29	12
2006	36.5	0	0	0	34.92	76.4	57.36	117.25	151.22	57.43	0.01	27.03	558.12	46.5	12
2007	5.5	0	0	4	0.02	148.94	83.88	15.04	73.05	14.01	9.52	0	353.96	29.5	12
2008	0			3.51	15.31	38.05	73.07	144.03	139	16.51	0	0.01	429.49	42.9	10
2009	0.01	0	2.51	0.03	17.04	68.52	32.04	109.53	111.03	82.51	19.02	5.52	447.76	37.3	12
2010	11.01	41.01	0.01	3.2	0.04	39.03	148.16	28.49	125.38	0.02	0	0	396.35	33	12
2011	0	0	0	0.01	2.32	7.13	71.79	85.42	24.63	15.62	0.01	0	206.93	17.2	12
2012	19.01	15.25	4.51	1.61	0.06	21.22	57.49	63.09	55.26	8.72	0.64	0.03	246.89	20.6	12
2013	13.61	0	0.02	0.02	4.64	19.85	151.35	104.24	216.85	15.62	32.75	40.02	598.97	49.9	12
2014	10.93	0	0	0	6.75	55.57	39.39	82.12	100.45	28.93	27.21	8.6	359.95	30	12
2015	27.71	59.22	114.14	2.94	10.86	146.85	42.37	10.02	72.16	83.45	5.21	0.03	574.96	47.9	12
2016	1.8	11.7	9.32	0.01	13.85	43.87	81.29	142.89	84.58	7.62	42.94	0.43	440.3	36.7	12
2017	0	0	21.13	0.02	2.77	30.64	95.81	45.88	84.17	13.95	0	26.14	320.51	26.7	12
2018	15.22	30.15	0	1.75	18.5	152.74	29.58	64.86	156.32	73.52	20.21	0.4	563.25	46.9	12
2019	3.61	0	1.81	0.01	9.1	25.78	98.34	48.3	90.42	3.92	75.73	20.32	377.34	31.4	12
2020	14.14	8.9	0.61	0.02	0.07	90.86	171.32	30.65	51.22	0	0	0.8	368.59	30.7	12
2021	0.01	0	0	1.23	22.57	117.54	148.74	85.85	209.94	18.43	148.25	1.11	753.67	62.8	12
2022	0	0	0	116.02	0.02	38.43	44.34	111.25	94.11	25.02	0	0	429.19	35.8	12
2023			0	3.8	10.01	15.01	129.32		21.21				179.35	29.9	6
2024		37.01	0	0	0	69.43	269	20					395.44	56.5	7
MÍNIMA	0	0	0	0	0	0	0	10.02	0	0	0	0	0	0	1
MÁXIMA	126	61.91	114.14	116.02	77	175.71	269	180.5	234.53	208.04	148.25	81.44	753.67	62.8	12
MEDIA	10.8	8.3	5.8	5.2	13.2	55.1	78.6	72.8	83.7	36.3	17.3	10	363.5	32.4	10.9
DESV.ST	20.2	13.9	16.4	15.3	17.8	45.5	53.2	45.3	58.6	46.8	27.6	15.8	175.3	14.3	2.4

EVAPORACIÓN MENSUAL
AÑO	ENE	FEB	MAR	ABR	MAY	JUN	JUL	AGO	SEP	OCT	NOV	DIC	ACUM	PROM	MESES
1991	92.53	97.96	168.21	153.5	258.84	286.48	156.38	188.32	115.02	112.46	83.24	77.01	1789.95	149.2	12
1992	88.85	102.77	149.62	170.93	186.87		220.69	181.09	159.78	114.13	98.96	75.04	1548.73	140.8	11
1993	105.99	124.89	198.6	194.84	246.53	229.44	224.51	225.39	135.07	122.28	84.62	79.57	1971.73	164.3	12
1994	79.19	114.09	189.23	204.64	250.06	221.24	230.52	172.74	153.33	113.61	101.99	84.05	1914.69	159.6	12
1995	96.78	120.44	214.82	245.11	294.41	284.42	233.57	182.3	172.98	181.07	107.16	78.59	2211.65	184.3	12
1996	113.9	128.57	196.45	228.32	279.6	243.53	233	191.53	152.42	113.62	100.42	71.58	2052.94	171.1	12
1997	91.6	119.6	147.8	160.7	234.3	222.1	210.9	216.2	162.7	135	93	94.2	1888.1	157.3	12
1998	98.8	144.6	217	292.4	325.5	264.3							1342.6	223.8	6
1999								82.9	177.2	151.9	124.5	100.8	637.3	127.5	5
2000	121.5	161.1	208.4	200.5	242.2	116.9	202.4	138.5	189.2	148.1	108.9		1837.7	167.1	11
2014				110.31	202.33	205.9	168.35	146.33	97.67	83.56	56.43	61.6	1132.48	125.8	9
2015	67.48	68.76	92.74	128.55	201.48	142	158.58	155.08	121.61	79.66	63.69	76.26	1355.89	113	12
2016	67.92	105.81	149.63	184.24	218.14	204.98	187.64	106.69	97.11	88.93	63.63	71.47	1546.19	128.8	12
2017	98.36	120.89	168.52	219.33	261.78	246.03	184.82	158.38	100.56	120.54	99.08	64.67	1842.96	153.6	12
2018	81.33	92.09	178.25	195.73	215.31	185.26	202.14	171.71	115.55	100.8	75.22	77.87	1691.26	140.9	12
2019	84.41	126.06	163.23	194.89	247.49	221.5	197.97	202.75	139.64	137.07	80.39	68.71	1864.11	155.3	12
2020	71.15	111.63	180.65	212.84	249.59	229.53	178.66	169.63	132.5	144.58	102.24	87.5	1870.5	155.9	12
2021	83.92	120.29	179.48	211.99	214.57	174.53	144.78	146.63	101.16	91.47	79.85	75.39	1624.06	135.3	12
2022	92.64	117.43	207.07	228.35	272.77	242.91	215.19	204.66	150.53	124.61	116.62	95.5	2068.28	172.4	12
2023			225.67	198.22	274	297.41	267.36		218.23				1480.89	246.8	6
2024		127.85	173.5	259.33	212.18	312.3	239.05	194.16					1518.37	216.9	7
MÍNIMA	67.48	68.76	92.74	110.31	186.87	116.9	144.78	82.9	97.11	79.66	56.43	61.6	637.3	113	5
MÁXIMA	121.5	161.1	225.67	292.4	325.5	312.3	267.36	225.39	218.23	181.07	124.5	100.8	2211.65	246.8	12
MEDIA	90.4	116.9	179.4	199.7	244.4	227.9	203	170.3	141.7	120.2	91.1	78.8	1675.7	161.4	10.6
DESV.ST	15.1	20	31.6	42.6	34.8	50.7	32.4	35.9	33.9	26.5	19	10.7	360.5	33.7	2.4

TEMPERATURA MÁXIMA PROMEDIO
AÑO	ENE	FEB	MAR	ABR	MAY	JUN	JUL	AGO	SEP	OCT	NOV	DIC	ACUM	PROM	MESES
1922						32.6	30.1	33	28.4	27	27.6	25.8		29.2	7
1923	24.1	24	26.2	31.2	34.6	35.5	32.2	31.9	30.9	27.1	22.5	22		28.5	12
1924	22.2	23.3	26.9	27.1	35.8	34.8	32.8	33	30.8	28.8	26.3	25.6		29	12
1925	23.9	28.4	28.2	33.1	33.4	33.6	32.8	33.6	28.6	27.8	24.9	20		29	12
1926	19	24.7	28.6	28.4	30.9	34	31.8	29.3	30.1	29.6	25.9	23.4		28	12
1927	24.5	24.3	27.8	30.8	34.6	29.7	27.6	30	28	26.5	27	21.4		27.7	12
1928	23.1	23.4	27.2	30	31.4	34.4	29.8	29.1	25.2	27.9	23.6	23.1		27.4	12
1929	23.5	25.9	26.2	31.3	33.3	33.3	29.5	28.7	30	27	23.7	21.9		27.9	12
1930	22.3	23.5	27.2	29.2	31.8	30.2	31.5	30.6	31.4	26.4	21.4	20.6		27.2	12
1931	17.6	20.4	24.9	29.3	32.7	33.7	32.6	30.3	32	28.9	27.6	24.9		27.9	12
1932	24	27.2	26.5	27.8	36.3	38.3	36.6	31.1	29	28.3	24.7	22.8		29.4	12
1933	21.9	23.9	29.4	30.8	35.8				29	28.5	25.3	26.2		27.9	9
1934	24.7	26.1	27.5			30.4	30	28.5	25.9	25.1	23	21.9		26.3	10
1935	20.1	20.5	26.7	27.9	30.1	28.9	26.3	26.4	24.4	25.1	24.8	21.1		25.2	12
1936	22.2	23.1	24.7						28.9			22.7		24.3	5
1941										29.6	26.1	22.2		26	3
1942	23.5	21	21	37.4	41.7	40	35.5	36.6	31	29.9	26.2	23.7		30.6	12
1943	22.5	27.1	30.9	34.5	35.2	32.7	32.1	33.4	29.9	26.7	23.7	20.2		29.1	12
1944	20.5	26.2	28.9	31.4		35	32.9	30.9	29.8	28.2	25.9	21.3		28.3	11
1945	21.1	27.9	32.5	32.9	35.9	36.5	32	32.7	32.4	31.1	30.5	27.4		31.1	12
1946										30.7	30.5	30.3		30.5	3
1947	25.6		32.9	35.6	38.4	38.6	36.9	33.9	30.9	31	32	22.7		32.6	11
1948	20.3	22.2	22.5	24.5	31	30.9	25.8	25.9	26.2	27.5	25	25.4		25.6	12
1949	25	26.1	30.7	31.9	37	36.5	36.1	34.4	32.9	30.8	25.3	26.4		31.1	12
1950	28.6	28.4	31.8	35.8	38.3	37.7	35.3	33.3	35	28.9	26	22.7		31.8	12
1951	23.6	26.9	28.5	29.6	34.2	36.2	33.2	31.5	29.9	29.3	29.5			30.2	11
1952	29.3	25.7	29.2	30.5	32.8	33.2	33	32.1	31.1	27.7	26.6	22.1		29.4	12
1953	25.5	24.1	30.5	30.1	35.2	35.1	32.4	31.1	28.9	26.9	24.2	21.1		28.8	12
1954	25.4	27.8	31.4	30.6	35.2	35.1	31.3	30.8	35	33.8	36	22.2		31.2	12
1955	28.6	27.9	31.9	20.5	35	33.5	32.3	26.8	32.3	30.3	29.5	21.8		29.2	12
1956	24.5	27	25	32.9	33.3	26.8	33.5	32.8	32.6	25.2	24.3	25.8		28.6	12
1957	24	24.1	30.7	30	33.5	30.1	32.6	33.9	28.7	26.5	25.5	22.3		28.5	12
1958	16.8	23.5	26.5	29.9	31	32.4	32.1	32.9	32.9	31.6	26.4	22.8		28.2	12
1959	17.2	16.8	19.9	26.5	31.6	34.8	36.9	38.3	38.3	34	25.7	20.9		28.4	12
1960	18.7	19.2	23.2	31.3	36.9	37.8	39	39	39.4	38	37	27.2		32.2	12
1961	23.2	26.4	28.4	32.8	36	31.7	32.1	30.1	31.2	31.4	29.3	26.5		29.9	12
1962	18.4	19.6	28.7	28.1	33.9	34.1	34.2	33.3	28.8	27.5	25.5	22.5		27.9	12
1963	23.4	23.6	26.8	33.3	32.5	32.6	29.8	29.9	28	25.1	23.8	19.7		27.4	12
1964	21.2	21.1	25.9	31.8	31.2	31.8	31.4	31.5	28.4		23.7	21.7		27.2	11
1965	22.7	23.3	26.6	29.3	30.1	32.4	31.8	31.2	31	25.8				28.4	10
1968	26	24.1	28	28.4	32.2	30.9								28.3	6
1969	26.5													26.5	1
1970	27	28.1	28.6		33.1	31.7	30.9	30.8	27.3					29.7	8
1991	21.7	23.3	29.1	29.9	32.7	31	24.2	26.5	23.3	23.5	22.5	19.4		25.6	12
1992	15.4	19.2	24	26.2	28.2		28.4	27.1	26.3	23.9	21.8	22.8		23.9	11
1993	21	24.1	25	28	29.2	29.9	28.4	28.7	24.1	25.2	23.1	22.6		25.8	12
1994	20.4	24.8	27	29	31.9	28.7	29.7	27.2	25.4	26.3	26	21.3		26.5	12
1995	21.9	23.6	27.3	29.6	33.9	31.8	28.9	27.3	27.3	26.5	24.2	20.5		26.9	12
1996	22.4	24.7	26	28.8	32.8	29.5	29.4	27.8	26.7	23.2	22.4	20.4		26.2	12
1997	19.6	23.3	23.8	25	28.5	30	28.4	29.1	27	25.2	23.6	18.4		25.2	12
1998	20.3	21.6	26.4	30.8	34	32.6	30.2	27.1	25.4	26.2	25.2	23.7		27	12
1999	21.2	24.2	26.2	30.6	31.8	29.7	27.6	28.7	27	24.9	22	20.4		26.2	12
2000	22.1	24.9	27.4	29.5	30.7	26.1	27.9	26.5	26.9	25.4	23.2			26.4	11
2005	20.9	19.2	23.6	28.7	30.8	32.6	28.1	26.3	27.3	25.1	23.2	20.7		25.5	12
2006	21.3	23.8	27.1	31.6	30.1	28.6	26.6	26.2	25.1	23.9	22.3	18.9		25.5	12
2007	19.7	22.2	26.5	28.4	30	29	26.5	27.1	25.7	25.2	23.1	22.8		25.5	12
2008	21.1			28.6	29.4	29.6	26.9	27.2	23.7	20.6	19.2	20.3		24.7	10
2009	20.4	21.1	25.9	29.8	30.2	29.7	29.2	28.9	25	24.2	20.2	18.4		25.2	12
2010	17.8	17.9	24	29.1	32.2	31.1	26.4	29.3	26.4	26.8	24.8	22.9		25.7	12
2011	23	26.2	30	33.1	34	33.4	29	29.7	28.4	27.4	25.1	23.1		28.5	12
2012	22.6	22.5	28.3	31.3	33.5	32.5	29.9	29.7	27.1	28.5	25.3	23.6		27.9	12
2013	21	25.8	27.4	31.6	33.8	33.7	28.5	29.8	25.9	28.6	21.1	22.2		27.4	12
2014	22.1	28.8	29.2	30.8	31.9	31.6	29.4	29.5	26.7	27.4	21.6	21.7		27.6	12
2015	19.8	21.7	21.8	28.2	31	28.1	27.5	29.2	27.5	24.7	24.2	21.3		25.4	12
2016	19	23.8	24.2	28.8	32	29.8	29.7	26.3	26.2	25.4	21.2	22.7		25.8	12
2017	21.1	24.6	26.1	29.4	32.7	30.7	27.8	26.9	24.8	25.6	24.9	19.5		26.2	12
2018	20.1	23.5	28.3	30	31.1	28.6	28.4	27.9	24.8	23.8	22.6	20.5		25.8	12
2019	21.9	26.1	28.3	29.4	32.5	31	28.4	29.9	27	27.1	22.8	21.3		27.1	12
2020	20.2	23.6	28.8	32.1	32.3	30.7	28.2	28.4	26.1	27.4	24.9	21.2		27	12
2021	22.1	26.4	29	31.6	30.9	28.4	25.6	27.2	25.7	26.1	23.8	24.6		26.8	12
2022	23	26.1	29.5	31.9	33.7	31.6	31.2	29.3	26.9	27.5	27.9	24.2		28.6	12
2023			30.1	30.3	31	34.9	32.3		32.5					31.9	6
2024		25.9	29.4	33.6	37	34.8	33.9	33.2						32.5	7
MÍNIMA	15.4	16.8	19.9	20.5	28.2	26.1	24.2	25.9	23.3	20.6	19.2	18.4		23.9	1
MÁXIMA	29.3	28.8	32.9	37.4	41.7	40	39	39	39.4	38	37	30.3		32.6	12
MEDIA	22.1	24.1	27.3	30.2	33	32.3	30.6	30.2	28.6	27.4	25.1	22.5		27.8	10.9
DESV.ST	2.8	2.7	2.7	2.7	2.6	2.9	3.1	2.9	3.3	2.8	3.2	2.3		2.1	2.4

TEMPERATURA MÁXIMA EXTREMA
AÑO	ENE	FEB	MAR	ABR	MAY	JUN	JUL	AGO	SEP	OCT	NOV	DIC	ACUM	PROM	MESES
1922						38.5	36	37	36	30	31	29		33.9	7
1923	28	29	34	38	39	39	36	37	35.5	32	29	30		33.9	12
1924	30	28	34	34	39	39	36	38	36	38	31	30		34.4	12
1925	30	32	34	37	38	40	35	36	33	32	36	32		34.6	12
1926	28	30.4	36	32.5	36	39	39	34	33	33	29	27		33.1	12
1927	29	29	34	36	38	38	32.5	33	33	31	34	29		33	12
1928	28	29	32	35	36	37	33	33	33	31	28.5	27.5		31.9	12
1929	30	30	34	34	36	37	35	32	35	32	30	27		32.7	12
1930	26	30	31	34	39	35	36	34.5	38	32.5	28	29		32.8	12
1931	29	26	31	34	37	36	36	33	34	33	31	28		32.3	12
1932	29	32	30	32	38.5	39.5	38.5	34	33.5	32	28	28		32.9	12
1933	29	30	35	37	39.5				33	33	31	30		33.1	9
1934	29	32	32			34	32	32	29	28	28	26		30.2	10
1935	26	24	32	32	33	35	30	29	29	27.5	28	26		29.3	12
1936	25	27	30						34			27		28.6	5
1941										30.8	33	27		30.3	3
1942	27.5	23.5	23.6	41	44	44	38.5	41	37	36	30	28		34.5	12
1943	28	32	34	39.5	41	37	36	35	35.5	31	31	26		33.8	12
1944	26.5	31.5	32	36		37	36.5	36	33	33	30	26		32.5	11
1945	25	32	36	36	37.5	38.2	33.5	35	35	34	33	30		33.8	12
1946										33	32	32		32.3	3
1947	29		36	39.5	40	40.5	40	40	33	37.5	37	26		36.2	11
1948	26	27	26	30.5	33.2	35.1	29.5	30.5	33	35	30	30		30.5	12
1949	30	31	34	40	43	41	41	38	38	38	30	32		36.3	12
1950	33	33	36	40	42	41	41	40	42	37	29	26		36.7	12
1951	28	35	36	35	40	42	37	36	37	37	33			36	11
1952	32	31	36	37	37	37	36	38	35	31	30	29		34.1	12
1953	29	30	35	33	40	40	36	37	33	33	29	28		33.6	12
1954	30	31	43	35	40	40	35	35	39	42	38	29		36.4	12
1955	33	33	36	26	39	37	37	32	38	37	33	26		33.9	12
1956	29	31	35	37	40	41	40	40	37	35	30	32		35.6	12
1957	28	30	34	35	38	35	37	40	31	31	35	27		33.4	12
1958	26	27	32	32	35	36	36	35	35	33	32	28		32.2	12
1959	18	18	23	29	33	37	39	39	40	37	28	24		30.4	12
1960	21	24	25	36	40	39	41	40	42	40	39	34		35.1	12
1961	30	32	32	39	39	36	35	33	35	33	31	34		34.1	12
1962	25	28	32	32	37	38	37	36	32	32	28	25		31.8	12
1963	27	26	32	36	37	37	33	34	31	27	27	23		30.8	12
1964	25	23	30	35	36	36	35	34	30		27	25		30.5	11
1965	25	26	28	30	33	36	34	34	32	28				30.6	10
1968	28	26	30	30	36	33								30.5	6
1969	28													28	1
1970	29	29	29		37	37	34	34	28					32.1	8
1991	25	27	33.5	34	36	35	28	30	26	27.5	31.5	26.5		30	12
1992	21.5	25.5	30	30	32		33.5	31	30	27	26	26		28.4	11
1993	26.5	29	30	33	33	35	31	31.5	27	30	27	26.5		30	12
1994	25	30	33	34	34	32	33	30	29	30	28	26		30.3	12
1995	25	27	33	34	36	36	32	31	31	31	31	27		31.2	12
1996	27	30	31	36	37	32	31	34	30.5	28	28	24.5		30.8	12
1997	25	29	29.5	31.5	31.5	34	30	32	29	28.5	27	26		29.4	12
1998	24	29	33	34	37	37	34	31	29	30	28.5	30		31.4	12
1999	25	27.5	29	35	35	35	32	31	32.5	29	24.5	23.5		29.9	12
2000	27	29	33	35	34	30	31	28	29	28	28			30.2	11
2005	25.5	26.5	30	32.5	33	37	31	29	29.5	29	27	26		29.7	12
2006	28.5	29	31	34	34.5	33.5	29.5	30.5	27.5	27	25.5	25		29.6	12
2007	24.5	30	30	32	34.5	36	30	29	28	30	27.5	26		29.8	12
2008	26			30	32	32	29	29.5	28	23	22	22.5		27.4	10
2009	23	27	30	32	33	32.5	31	31	28	29	23	29		29	12
2010	24	24	28	32	34.5	34	29	32	31.5	31	29	26		29.6	12
2011	27.5	31	33.5	35	39	36.5	33	33	32	31.5	30	27.5		32.5	12
2012	28.5	32	31.5	35	38	36.5	33.5	33.5	31	31.5	30	27.5		32.4	12
2013	27	28.5	33.5	35	38.5	37	34	35.5	31.5	32.5	26	27.54		32.2	12
2014	29	31	35.5	35	36.5	37	34	33.5	31	30	27	26		32.1	12
2015	25	29.5	29	32.5	34	34.5	31	31.5	32.5	29.5	28	26.5		30.3	12
2016	24.5	29.5	30	31.5	36.5	34.5	32.5	30	28.5	28.5	27.5	25.5		29.9	12
2017	27	29.5	32	32.5	35.5	33.5	31.5	31	32	35	30	26.5		31.3	12
2018	25.5	27.5	31.5	33	37	35	33	31	28	30	27.5	25		30.3	12
2019	26.5	33	32	33	36	34	31	33	30	31	27.5	27		31.2	12
2020	24.5	30	35	35.5	36	35.5	32.5	32	30	31	30.5	26		31.5	12
2021	29	30	32.5	34.5	35.5	34	29	30	28	32	29.5	29		31.1	12
2022	28.1	32.4	32.1	35.4	36.4	35.3	34.5	31.5	29.9	31.5	31.3	29.2		32.3	12
2023			33.1	34.5	35.4	38.7	36		34.9					35.4	6
2024		32.2	32.3	39.2	40.2	41	38.7	38.7						37.5	7
MÍNIMA	18	18	23	26	31.5	30	28	28	26	23	22	22.5		27.4	1
MÁXIMA	33	35	43	41	44	44	41	41	42	42	39	34		37.5	12
MEDIA	27	29	32.1	34.3	36.8	36.6	34.2	33.8	32.5	31.8	29.6	27.5		32	10.9
DESV.ST	2.6	2.9	3.2	2.9	2.7	2.7	3.3	3.3	3.6	3.5	3.1	2.4		2.3	2.4

TEMPERATURA MÍNIMA PROMEDIO
AÑO	ENE	FEB	MAR	ABR	MAY	JUN	JUL	AGO	SEP	OCT	NOV	DIC	ACUM	PROM	MESES
1922						22.9	22.3	22.8	14.1	7.3	5.3	0.7		13.6	7
1923	1.5	4.9	4.5	7.5	11.9	13.2	11.9	12.8	13.5	8.5	7.1	5.7		8.6	12
1924	1.3	0.9	1.6	3.2	13	13.6	14.4	14.1	13.6	6.7	2	2.2		7.2	12
1925	-1.7	0.5	3.6	5.3	6.5	10.6	12.4	11.8	12.2	9.7	4.1	2.2		6.4	12
1926	-0.2	1.2	6.5	5	7.9	13.9	16.9	13.9	13.2	9.2	1.7	2.6		7.6	12
1927	-1.1	0.9	4.3	5.8	12.6	13.5	13.3	13.2	12.7	8.5	1.7	3.8		7.4	12
1928	-0.2	2.6	3.4	5.4	10.6	13.7	13.8	12.9	12.6	9.2	4.1	0.2		7.4	12
1929	-0.8	-0.1	0	6.8	10.3	14	14	13.1	11.5	5.6	4.1	0.6		6.6	12
1930	0.5	1.1	4.6	7.5	11.1	13.4	12.6	11.4	11.1	12	5.9	2.9		7.8	12
1931	1.2	2.1	1.9	5.4	8.8	13.6	13.6	12.1	11.1	7.3	2.8	-0.4		6.6	12
1932	0	2.2	0.7	3.7	9.7	12	10.9	11.8	12.6	6.5	-1.1	1.4		5.9	12
1933	1	3.6	3.7	6.8	7.7				11.9	8	0.9	-2.1		4.6	9
1934	-1.4	4.5	1.6			15.3	14.9	14.5	13.7	8.5	3.3	2.7		7.8	10
1935	0.2	1.5	5	7.9	9.3	15.7	14.6	13.7	14.4	8.4	6	3		8.3	12
1936	1.4	2.3	6.5						13.3			-0.5		4.6	5
1941										12	10.2	7.5		9.9	3
1942	4.5	4.3	7.1	22.1	6.7	10.2	10.5	10.8	12.8	11.3	7.4	-0.5		8.9	12
1943	2.8	4.7	7.9	10.6	15	15.7	18	16.7	17	10.9	5.2	5.9		10.9	12
1944	1.4	9.7	6.4	6		16.7	16.3	16.4	15.1	9.9	7.5	4.2		10	11
1945	4.7	4.6	9.1	9.6	14	18.1	16.5	16.8	14.7	15.4	7.7	3.5		11.2	12
1946										15.8	9.6	8.2		11.2	3
1947	2.7		9.9	16.1	18.5	18.4	16.8	13.4	12.7	14.8	15.7	6.2		13.2	11
1948	4.6	8.2	8.1	9	11.2	10.7	8.4	8	10	12	6.1	4.7		8.4	12
1949	3.5	6	7.5	7.8	13	15	14.1	13.2	13.7	10.1	2.8	4.9		9.3	12
1950	7.8	5.6	7.8	10.8	12.2	9.9	11.9	12.1	11.5	7.7	4.1	1.2		8.6	12
1951	4.7	3.1	8.1	9.2	11.8	14.2	15.1	15.9	10	9.2	6.5			9.8	11
1952	4.2	3.8	6.2	9.5	11.6	14.2	15.3	13.1	13.4	5.9	5.2	1.7		8.7	12
1953	-0.9	3.9	10	12	9.4	16.4	15.4	14.1	11.1	11.1	3.2	2.5		9	12
1954	4.5	5.9	5.2	9.9	9.4	16.2	14.8	14.2	9.3	10.5	2.1	1.8		8.7	12
1955	7.8	5.9	7.8	4.4	9.5	14.4	14.5	14.3	13.6	8.9	6.6	1.7		9.1	12
1956	-1.2	5.2	8.7	6.9	11.3	9.3	11.9	12	13	11.8	2.8	4.8		8	12
1957	4.4	4.4	9.2	8.8	10.5	14	15.3	12.3	14.7	10.7	7	2.3		9.5	12
1958	0.1	2.6	5.8	8.5	11.3	14.4	14.8	14.8	14	12.2	8	2.8		9.1	12
1959	1.4	1.2	3.5	7.2	11	11.6	12.6	13.1	13.4	11.8	2.7	1.4		7.6	12
1960	0.7	1.9	2.9	8	12.9	14.6	14	14.1	14.9	13.3	12.8	6.8		9.7	12
1961	2.2	1.3	4.7	7.3	13.2	14.6	14.9	13.4	13.6	11.4	1.3	2.5		8.4	12
1962	-0.3	3	2.8	4.9	3.6	5.7	11.6	11.9	10.5	10.3	2.2	1.5		5.6	12
1963	1.8	2.7	2.6	4.9	4.5	4.9	3.6	3.4	3.2	3.2	1.8	1.7		3.2	12
1964	0.3	0.2	4.3	4.6	5.5	5.2	4	3.7	3.7		2	1		3.1	11
1965	0.2	1.6	3.8	4.1	6.6	7.4	6.4	4.5	5.3	2.9				4.3	10
1968	1.1	0.8	5.2	5.8	6.7	5.1								4.1	6
1969	1.9													1.9	1
1970	1.5	2.3	5.6		5.1	3.9	3.9	5.1	4.9					4	8
1991	0.7	2.6	5.2	8.5	12	13.8	14	13	12.3	7.9	4.4	5.7		8.3	12
1992	4.6	1.4	4.9	6.8	10.7		13.5	13	12.4	8.8	3.5	4.3		7.6	11
1993	2.8	2.7	4.2	7.1	9.8	14.1	14	13.9	12.9	8.4	5.2	1.7		8.1	12
1994	2	2.9	5.9	8.4	12.6	14.1	13.6	13.2	11.3	8.7	6.6	4.5		8.7	12
1995	0.8	4.5	4.8	6.9	12.6	14.7	14.3	14.2	13.3	7.2	4.7	1.9		8.3	12
1996	-0.9	3.9	3.3	5.8	13.4	14.3	14.3	13.2	12.7	8.1	3.5	1.8		7.8	12
1997	-0.4	2.1	5.4	6.9	10	13.8	13.8	13.2	11.7	7.7	4.5	-1.7		7.2	12
1998	-1.3	-0.5	3.4	6.9	11.7	16	14.4	14	12.3	10.7	4.9	1.2		7.8	12
1999	-1	1.8	3.2	8.3	10	13.9	10.9	13.1	12	7.1	1.3	-0.7		6.7	12
2000	0.5	1.9	4.7	8.6	13.5	13.5	12.9	12.6	12.1	8.8	5.3			8.6	11
2005	1.4	4.8	3.2	6.8	9.3	13.1	13.8	12.2	10.5	9.1	1.9	0.6		7.2	12
2006	-0.4	2.5	5.7	9.2	11.4	13.3	12.9	12.6	11.9	8.6	2.2	1		7.6	12
2007	1.7	1.1	4.9	6.2	10.8	13.7	12.5	12.4	11.8	6.6	3.1	1.2		7.2	12
2008	-0.3			5.8	6.7	10.9	11.3	11.3	10.8	9.7	2.7	1.5		7	10
2009	1.8	3.3	7.1	12.6	16.3	14.5	15.2	13.9	12.4	11.3	4.7	1.8		9.6	12
2010	-0.4	1	5	7	8.7	9.3	13.1	13.7	13.6	6.7	1.3	-1.6		6.4	12
2011	-0.9	0.3	6.1	7.7	11.1	14.2	14.1	13.8	12.3	7.9	2.9	1.5		7.6	12
2012	1	4.3	6.2	7.7	11.3	13.4	13.5	13.4	11.3	8.5	5.3	2.4		8.2	12
2013	2.2	3.1	3.7	7	11	14	13	12.9	12.5	9.8	6.2	4.6		8.3	12
2014	2.1	4.8	6.6	9	11.8	14.7	13	13.5	12.8	8.7	3.5	1.4		8.5	12
2015	4.5	3.9	6.5	9	11.5	13.4	11.7	11.9	11.4	9.2	7.2	2.4		8.6	12
2016	-1.9	1.6	4	7.6	11.4	11.9	13.3	13.3	12.6	8.4	5.8	3.4		7.6	12
2017	1	0.5	5.8	6.5	10.4	13.4	13	13.6	11.9	8.4	2.3	1.9		7.4	12
2018	0.3	6.3	6.4	7.6	11.7	13.5	13.1	12.4	12.4	9.4	3.1	0.3		8	12
2019	1.3	5.1	5.9	6.2	9.8	14.5	12.7	13.9	12.2	9.6	7.1	1.5		8.3	12
2020	1.6	3.9	8.9	8.5	10.9	13.9	13.1	11.9	10.7	4.5	2.8	-0.8		7.5	12
2021	-1.1	1.8	5.1	7.9	11.4	12.3	12.4	11.4	10.9	6.9	2.7	0.4		6.8	12
2022	0.7	2.4	4.9	9	13.3	15.6	15.7	15.1	13.1	8.4	5	2.5		8.8	12
2023			7.1	8.9	12.4	16.4	15.9		15.1					12.6	6
2024		3.1	6.6	7.8	13.2	15.4	13.3	14						10.5	7
MÍNIMA	-1.9	-0.5	0	3.2	3.6	3.9	3.6	3.4	3.2	2.9	-1.1	-2.1		1.9	1
MÁXIMA	7.8	9.7	10	22.1	18.5	22.9	22.3	22.8	17	15.8	15.7	8.2		13.6	12
MEDIA	1.3	3	5.3	7.7	10.7	13.2	13.3	12.8	12.1	9.1	4.6	2.3		7.9	10.9
DESV.ST	2.1	2	2.1	2.8	2.7	3.3	3	2.9	2.4	2.5	2.8	2.2		2.1	2.4

TEMPERATURA MÍNIMA EXTREMA
AÑO	ENE	FEB	MAR	ABR	MAY	JUN	JUL	AGO	SEP	OCT	NOV	DIC	ACUM	PROM	MESES
1922						19.5	18	11	10	2	1	-4		8.2	7
1923	-3.5	0	0	2	4	10	9	9	11	3	0	1		3.8	12
1924	-5	-6	-2	-1	5	10	12	11	4	2	-3	-5		1.8	12
1925	-8	-3	-2	3	3	5	11	11	5	2	1	-5		1.9	12
1926	-6	-6	-3	-1	-2	11	12	10.5	9	4	-4	-7		1.5	12
1927	-7	-3	-3	-1	6	9	11	11	10	3.2	-4	-7		2.1	12
1928	-5	-6	-2	-3	5	11	12	10	8	6	-2	-6		2.3	12
1929	-6	-6	-7	2	5.5	9	11.5	10.5	3	-3	-7	-8		0.4	12
1930	-4	-8.5	-2	2	7	11	10	8	5	4	1	-4		2.5	12
1931	-8	-5	-5	0	4	11	11	8	9	3.5	0	-4.5		2	12
1932	-7	-4	-3	-2	5	10	9	8	10	3	-7.5	-5		1.4	12
1933	-10	-4	-3	-2	-2				10	2	-4	-6		-2.1	9
1934	-7	-3	-4			11	13	13	9	5	-3	-5		2.9	10
1935	-5.5	-5	-4	3	5	13	12	12	11	6	-1	-3		3.6	12
1936	-5	-6	-1						11			-6		-1.4	5
1941										9	6.8	0.2		5.3	3
1942	0.5	0.5	4.3	18	1	7	5.5	8	8	6.5	1	-5		4.6	12
1943	-2	-2	2	6	7	13.5	14	14	14	5	0	-2		5.8	12
1944	-6	6	4	4		13.5	13	14	12	6	3.5	-4		6	11
1945	-2	1	1	4	8	14	14	13	10	8	4	0		6.2	12
1946										14	5	4.5		7.8	3
1947	0		6	12	10	15.5	12	10	9	12	2	-2		7.9	11
1948	0.2	3	5.5	3.5	9.6	6.4	6	6	3	7	1	2		4.4	12
1949	1	3	3	2	9	11	11	11	10	3	0	0		5.3	12
1950	3	-4	0	9	9	5	6	7	9	4	0	-4		3.7	12
1951	2	-6	2	2	6	10	12	11	6	3	2			4.5	11
1952	1	-6	2	5	6	8	12	10	9	1	0	0		4	12
1953	-5	-1	5	8	6	10	11	10	6	9	-1	-10		4	12
1954	0	2	0	5	6	10	11	10	6	8	1	0		4.9	12
1955	3	1	0	0.2	6	8	6	10	10	3	2	-4		3.8	12
1956	-5	1	6	5	6	7	9	7	0	7	1	2		3.8	12
1957	2	-3	2	-3	7	10	10	7	7	7	-0.5	-3		3.5	12
1958	-5	0	0	6	9	8	10	14	12	8	6	-3		5.4	12
1959	0	0	2	3	9	9	12	12	12	9	1	0		5.8	12
1960	0	0	1	5	12	14	12	13	13	12	11	1		7.8	12
1961	0	-5	0	0	10	7	14	11	12	7	-2	-2		4.3	12
1962	-9	1	1	2	1	1	8	8	8	1	0	-5		1.4	12
1963	0	2	0	2	2	2	1	2	0	0	0	0		0.9	12
1964	0	0	1	0	0	0	0	2	1		0	0		0.4	11
1965	0	-0.2	3	2	4	2	4	4	4	0				2.3	10
1968	-3	-2	3	4	4	4								1.7	6
1969	0.1													0.1	1
1970	0.1	0.1	1		2	0	2	4	2					1.4	8
1991	-5	-5	-3.5	1	8	8	11	9.5	6.5	4.5	-5	-2		2.3	12
1992	1	-5	-5	1	7.5		11	10	4	1	-5	-0.2		1.8	11
1993	-5	-2	-1	2	5	10	11	11.5	7.5	-1	-1	-5		2.7	12
1994	-3	-3	1	3	7	12	10	12	6	6	2	-5		4	12
1995	-3	-3	0	2	8	9	11	12	11	1	-2	-2		3.7	12
1996	-4	-1	-4	2	7	12	12	11	9	4	-2	-3.5		3.5	12
1997	-9	-1.5	-1	0	6.5	11	11.5	11.5	7	0.5	-3	-11		1.9	12
1998	-7	-5.5	-1	1	7	12.5	12	12	9.5	7.5	2.5	-3.5		3.9	12
1999	-5.5	-4	-3	3	3	11	9	8	9.5	0	-3.5	-6		1.8	12
2000	-3	-5	-1	3.5	9.5	12	11	10	5	6	-2			4.2	11
2005	-4.5	-0.5	-1	-1	3.5	8.5	10.5	10.5	6.5	5	-4.5	-3		2.5	12
2006	-10	-1.5	1.5	4.5	8	10.5	10.5	10	9.5	2	-4	-7		2.8	12
2007	-3	-2.5	-1.5	2	7	11.5	3	10	9	-2	-1.5	-3.5		2.4	12
2008	-7.5			4	5	6	10	10	8.5	4	1	-2		3.9	10
2009	-1	1	3	10	11	13	14	12	11	9	1	-1.5		6.9	12
2010	-2.5	-2	2	6	6	8	8	11	8	3	-2.5	-5		3.3	12
2011	-5	-10.5	2	4	7	11.5	12	11	7.5	3.5	-10	-4.5		2.4	12
2012	-6	-1.5	-1.5	2	5	10.5	11	10	6	5	2	-3		3.3	12
2013	-5.5	-4	-5	1	6	10.5	1.5	10	10	4	-4	-0.5		2	12
2014	-3	1.5	0.5	-0.5	5	12	11	11	8.5	3.5	-8	-7		2.9	12
2015	-2	-2	3	1.5	6	9.5	3	8.5	6.5	5.5	0.5	-5.5		2.9	12
2016	-6.5	-5	-5	1	7.5	7	10.5	10.5	9.5	3.5	1.5	-4.5		2.5	12
2017	-5	-7	2.5	1	7	10.5	9.5	11.5	7	2.5	-5	-13		1.8	12
2018	-4	1	4	-1.5	8	11	10	10.5	10.5	5	-7.5	-9		3.2	12
2019	-5	-1	2.5	1	6	11	9.5	11	10	3	-0.5	-3.5		3.7	12
2020	-5.5	-3	4.5	2.5	6.5	10	3.5	9.5	2.5	1	-1	-6		2	12
2021	-7.5	-3.5	3	3.5	6	7	10	1.5	7.5	0	0	-5		1.9	12
2022	-4	-4.8	-1.9	5.6	8.9	13.1	11	13.7	8.2	0.9	-1	-3		3.9	12
2023			2.1	1.2	5.7	12.8	13		12.2					7.8	6
2024		-2.1	4.2	1.9	7.4	10.6	13.1	3.5						5.5	7
MÍNIMA	-10	-10.5	-7	-3	-2	0	0	1.5	0	-3	-10	-13		-2.1	1
MÁXIMA	3	6	6	18	12	19.5	18	14	14	14	11	4.5		8.2	12
MEDIA	-3.6	-2.4	0.2	2.6	6	9.5	9.9	9.8	8	4.2	-0.8	-3.6		3.4	10.9
DESV.ST	3.3	3.1	3	3.5	2.8	3.5	3.5	2.8	3.1	3.3	3.6	3.2		2.1	2.4

TEMPERATURA MEDIA MENSUAL
AÑO	ENE	FEB	MAR	ABR	MAY	JUN	JUL	AGO	SEP	OCT	NOV	DIC	ACUM	PROM	MESES
1922						27.8	26.2	27.9	21.2	17.1	16.4	13.2		21.4	7
1923	12.8	14.4	15.3	19.4	23.2	24.4	22	22.4	22.2	17.8	14.8	13.8		18.5	12
1924	11.8	12.1	14.2	15.2	24.4	24.2	23.6	23.6	22.2	17.8	14.2	13.9		18.1	12
1925	11.1	14.4	15.9	19.2	20	22.1	22.6	22.7	20.4	18.8	14.5	11.1		17.7	12
1926	9.4	12.9	17.6	16.7	19.4	24	24.4	21.6	21.6	19.4	13.8	13		17.8	12
1927	11.7	12.6	16	18.3	23.6	21.6	20.5	21.6	20.4	17.5	14.3	12.6		17.6	12
1928	11.5	13	15.3	17.7	21	24	21.8	21	18.9	18.5	13.9	11.7		17.4	12
1929	11.3	12.9	13.1	19	21.8	23.6	21.8	20.9	20.8	16.3	13.9	11.2		17.2	12
1930	11.4	12.3	15.9	18.4	21.4	21.8	22	21	21.2	19.2	13.6	11.8		17.5	12
1931	9.4	11.2	13.4	17.4	20.8	23.7	23.1	21.2	21.6	18.1	15.2	12.2		17.3	12
1932	12	14.7	13.6	15.8	23	25.1	23.8	21.5	20.8	17.4	11.8	12.1		17.6	12
1933	11.4	13.8	16.6	18.8	21.8				20.4	18.2	13.1	12		16.2	9
1934	11.7	15.3	14.6			22.9	22.4	21.5	19.8	16.8	13.2	12.3		17	10
1935	10.2	11	15.8	17.9	19.7	22.3	20.4	20	19.4	16.8	15.4	12.1		16.8	12
1936	11.8	12.7	15.6						21.1			11.1		14.5	5
1941										20.8	18.1	14.8		17.9	3
1942	14	12.7	14.1	29.8	24.2	25.1	23	23.7	21.9	20.6	16.8	11.6		19.8	12
1943	12.7	15.9	19.4	22.6	25.1	24.2	25	25	23.4	18.8	14.4	13.1		20	12
1944	10.9	18	17.6	18.7		25.9	24.6	23.6	22.4	19	16.7	12.8		19.1	11
1945	12.9	16.2	20.8	21.2	25	27.3	24.2	24.8	23.5	23.2	19.1	15.4		21.1	12
1946										23.2	20	19.2		20.8	3
1947	14.2		21.4	25.9	28.4	28.5	26.9	23.6	21.8	22.9	23.9	14.4		22.9	11
1948	12.4	15.2	15.3	16.8	21.1	20.8	17.1	17	18.1	19.8	15.6	15		17	12
1949	14.2	16	19.1	19.8	25	25.8	25.1	23.8	23.3	20.4	14.1	15.6		20.2	12
1950	18.2	17	19.8	23.3	25.2	23.8	23.6	22.7	23.2	18.3	15.1	11.9		20.2	12
1951	14.2	15	18.3	19.4	23	25.2	24.2	23.7	20	19.2	18			20	11
1952	16.8	14.8	17.7	20	22.2	23.7	24.1	22.6	22.2	16.8	15.9	11.9		19.1	12
1953	12.3	14	20.2	21	22.3	25.8	23.9	22.6	20	19	13.7	11.8		18.9	12
1954	14.9	16.9	18.3	20.2	22.3	25.6	23	22.5	22.1	22.1	19	12		19.9	12
1955	18.2	16.9	19.8	12.4	22.2	24	23.4	20.6	23	19.6	18	11.8		19.2	12
1956	11.7	16.1	16.9	19.9	22.3	18	22.7	22.4	22.8	18.5	13.6	15.3		18.4	12
1957	14.2	14.2	20	19.4	22	22	24	23.1	21.7	18.6	16.2	12.3		19	12
1958	8.5	13.1	16.1	19.2	21.1	23.4	23.5	23.9	23.4	21.9	17.2	12.8		18.7	12
1959	9.3	9	11.7	16.9	21.3	23.2	24.8	25.7	25.8	22.9	14.2	11.1		18	12
1960	9.7	10.5	13	19.6	24.9	26.2	26.5	26.6	27.1	25.6	24.9	17		21	12
1961	12.7	13.8	16.6	20	24.6	23.1	23.5	21.8	22.4	21.4	15.3	14.5		19.1	12
1962	9	11.3	15.8	16.5	18.8	19.9	22.9	22.6	19.6	18.9	13.8	12		16.8	12
1963	12.6	13.2	14.7	19.1	18.5	18.8	16.7	16.6	15.6	14.2	12.8	10.7		15.3	12
1964	10.8	10.7	15.1	18.2	18.4	18.5	17.7	17.6	16		12.8	11.3		15.2	11
1965	11.4	12.5	15.2	16.7	18.4	19.9	19.1	17.9	18.1	14.3				16.4	10
1968	13.6	12.5	16.6	17.1	19.5	18								16.2	6
1969	14.2													14.2	1
1970	14.2	15.2	17.1		19.1	17.8	17.4	18	16.1					16.9	8
1991	11.2	13	17.2	19.2	22.4	22.4	19.1	19.8	17.8	15.7	13.4	12.5		17	12
1992	10	10.3	14.4	16.5	19.4		21	20	19.4	16.4	12.7	13.6		15.8	11
1993	11.9	13.4	14.6	17.6	19.5	22	21.2	21.3	18.5	16.8	14.2	12.2		16.9	12
1994	11.2	13.8	16.4	18.7	22.2	21.4	21.6	20.2	18.4	17.5	16.3	12.9		17.6	12
1995	11.3	14.1	16	18.2	23.2	23.2	21.6	20.8	20.3	16.9	14.4	11.2		17.6	12
1996	10.8	14.3	14.7	17.3	23.1	21.9	21.9	20.5	19.7	15.6	12.9	11.1		17	12
1997	9.6	12.7	14.6	15.9	19.2	21.9	21.1	21.1	19.4	16.4	14.1	8.3		16.2	12
1998	9.5	10.6	14.9	18.9	22.9	24.3	22.3	20.6	18.9	18.4	15.1	12.4		17.4	12
1999	10.1	13	14.7	19.5	20.9	21.8	19.2	20.9	19.5	16	11.7	9.8		16.4	12
2000	11.3	13.4	16	19	22.1	19.8	20.4	19.6	19.5	17.1	14.2			17.5	11
2005	11.1	12	13.4	17.8	20	22.9	21	19.2	18.9	17.1	12.5	10.7		16.4	12
2006	10.5	13.2	16.4	20.4	20.8	21	19.8	19.4	18.5	16.2	12.2	9.9		16.5	12
2007	10.7	11.7	15.7	17.3	20.4	21.4	19.5	19.8	18.8	15.9	13.1	12		16.4	12
2008	10.4			17.2	18	20.2	19.1	19.2	17.2	15.2	10.9	10.9		15.8	10
2009	11.1	12.2	16.5	21.2	23.2	22.1	22.2	21.4	18.7	17.8	12.4	10.1		17.4	12
2010	8.7	9.4	14.5	18	20.5	20.2	19.8	21.5	20	16.8	13.1	10.6		16.1	12
2011	11.1	13.2	18	20.4	22.6	23.8	21.6	21.8	20.4	17.6	14	12.3		18.1	12
2012	11.8	13.4	17.2	19.5	22.4	23	21.7	21.6	19.2	18.5	15.3	13		18	12
2013	11.6	14.5	15.5	19.3	22.4	23.9	20.8	21.4	19.2	19.2	13.7	13.4		17.9	12
2014	12.1	16.8	17.9	19.9	21.9	23.1	21.2	21.5	19.8	18	12.6	11.5		18	12
2015	12.2	12.8	14.2	18.6	21.2	20.8	19.6	20.6	19.4	17	15.7	11.8		17	12
2016	8.6	12.7	14.1	18.2	21.7	20.9	21.5	19.8	19.4	16.9	13.5	13		16.7	12
2017	11.1	12.6	16	18	21.6	22	20.4	20.2	18.4	17	13.6	10.7		16.8	12
2018	10.2	14.9	17.4	18.8	21.4	21	20.8	20.1	18.6	16.6	12.9	10.4		16.9	12
2019	11.6	15.6	17.1	17.8	21.1	22.8	20.5	21.9	19.6	18.4	14.9	11.4		17.7	12
2020	10.9	13.8	18.9	20.3	21.6	22.3	20.6	20.1	18.4	15.9	13.8	10.2		17.2	12
2021	10.5	14.1	17	19.8	21.1	20.4	19	19.3	18.3	16.5	13.2	12.5		16.8	12
2022	11.8	14.2	17.2	20.4	23.5	23.6	23.4	22.2	20	18	16.4	13.3		18.7	12
2023			18.6	19.6	21.7	25.6	24.1		23.8					22.2	6
2024		14.5	18	20.7	25.1	25.1	23.6	23.6						21.5	7
MÍNIMA	8.5	9	11.7	12.4	18	17.8	16.7	16.6	15.6	14.2	10.9	8.3		14.2	1
MÁXIMA	18.2	18	21.4	29.8	28.4	28.5	26.9	27.9	27.1	25.6	24.9	19.2		22.9	12
MEDIA	11.7	13.5	16.3	19	21.9	22.8	22	21.5	20.3	18.3	14.8	12.4		17.9	10.9
DESV.ST	2	1.9	2	2.4	2	2.3	2.2	2.1	2.2	2.2	2.5	1.8		1.8	2.4
