COMISIÓN NACIONAL DEL AGUA
COORDINACIÓN GENERAL DEL SERVICIO METEOROLÓGICO NACIONAL
BASE DE DATOS CLIMATOLÓGICA NACIONAL 

ESTADÍSTICA MENSUAL
EMISIÓN   : 13/09/2024 

DATOS DISPONIBLES EN LA BASE DE DATOS A: SEPTIEMBRE DE 2024; 
CON LA INFORMACIÓN SUMINISTRADA POR LAS UNIDADES ADMINISTRATIVAS 

 ESTACIÓN  : 32050 
 NOMBRE    : SAN GIL 
 ESTADO    : ZACATECAS 
 MUNICIPIO : GENERAL FRANCISCO R. MURGUÍA 
 SITUACIÓN : OPERANDO 
 CVE-OMM   :   
 LATITUD   : 24.19583333 ° 
 LONGITUD  : -102.9783333 ° 
 ALTITUD   : 1829 msnm 


LLUVIA MÁXIMA 24 H.
AÑO	ENE	FEB	MAR	ABR	MAY	JUN	JUL	AGO	SEP	OCT	NOV	DIC	ACUM	PROM	MESES
1969							8	19	13.5	6	14.5	14.5	75.5	12.6	6
1970	5.5	13	0	0	1	24	19.5	17	10		0	0	90	8.2	11
1971	3	0	0	0	3								6	1.2	5
1972			0	0		25	24	16	32	9.5	18.5	0	125	13.9	9
1973	20	9	9	0	25	28	22.5	26	28.3	14	0	0	181.8	15.2	12
1974	0	0	2	14	13	7.3	29	5	9	12.5	3	8	102.8	8.6	12
1975	8	0	0	0	0	8	32	23	8	3	0	6	88	7.3	12
1976	0	0	0	2	0	11	36	12	41	9	21	2	134	11.2	12
1977	0.3	0	0	0	0	8	11	13	13	6	3	0	54.3	4.5	12
1978	0	0	0.5	5	2.5	0.6	20	20	30.5	0.8	0	0.7	80.6	6.7	12
1979	0	0.2	0	3	0	7	16	14	2	0	0.4	3	45.6	3.8	12
1980			0	0	0	0.3	17			13	0.3	5	35.6	4.4	8
1981	2		5		15		14	33		9	4	11	93	11.6	8
1982		0	0	4	0.3	17	11	5	16	3	0		56.3	5.6	10
1983	6	0	7	0	25	19	25	20	12	9	4	0	127	10.6	12
1984	3	0	0	0	15	20	44	5	18				105	11.7	9
1985							4	30	13	8	0	12	67	11.2	6
1986	6	0	0	10	9	21	12	1.2	11				70.2	7.8	9
1987	30	23	0	3	18	41	26	22	21	3	5	31	223	18.6	12
1988	0	0	0	9	4	42	27	25	35	0	0	4	146	12.2	12
1989	0	7	0	0	0			28	35	4	23	20	117	11.7	10
1990	0.2	2	0	0						20	0	0	22.2	3.2	7
1991	0	6	0	0	2	31	25	14	24	13	9.5	5	129.5	10.8	12
1992	26	0	2	0	23	2.5	22	9	13.6	6.5		3	107.6	9.8	11
1993	0.2	0	1			2.7	11.2	21.9	20	2	20	0	79	7.9	10
1994	16	0	8	16	3	38	23	14.5	19	12	11.5	10	171	14.2	12
1995	2.5	0	0	0	1	14.7	13	57	13	5	1.5	2	109.7	9.1	12
1996	0	2	0	0	5	42	11	36	32	68	12	0.5	208.5	17.4	12
1997	14	10.3	3	12	2.5	10	28	7	34.5	24	15	2.1	162.4	13.5	12
1998	0	1	0	0		13.5	8	48	7.5	16	7	0	101	9.2	11
1999	0	0	0	0	0.5	15	15	9	7	1	0	7	54.5	4.5	12
2000	0	4	0	0	7.5	31	20.5	13.5	40	14	4	0.4	134.9	11.2	12
2001	2	0.5	9	4	5	5	37	25	24.5	7		1	120	10.9	11
2002	4	17.5	0	2	4	76	4	14	41		7	0	169.5	15.4	11
2003	1		0	2.5	9	21.5	28	11.5	26	24	0	0	123.5	11.2	11
2004	29	0	21	10	11.5	27	26	30.5	52	3			210	21	10
2005	2	20	0.5	9.5	0	4	34	26	6.5		2	0	104.5	9.5	11
2006	28	0	0	0	8	10.5	10	28	15	21	6	11	137.5	11.5	12
2007	3	1.5	0	2	0.5	46	29	12.5	20	2.5	0	0	117	9.8	12
2008	0	0.5	0	0.5	2.5	45	26.5	23	28	6.5	0	0	132.5	11	12
2009	0	0	1	0	11.5	35	14.5	48	25	1	9	3	148	12.3	12
2010	1.5	14	1	1	2	6	21.5	19	21.5	0	0	0	87.5	7.3	12
2011	0	0	0	0	3	13	10.5	21	15	15	0	0	77.5	6.5	12
2012	12	4	0	16	4	16	20	58	60	27	13	0.5	230.5	19.2	12
2013	3.5	0	0	0	9	16	52	20.5	44	7	3.5	13	168.5	14	12
2014	6.5	0	14.5	0	11	26	17.5	20	32	6.5	22	3	159	13.2	12
2015	8	80	64	11	87	19.5	23	9.5	18	34	1.2	0	355.2	29.6	12
2016	1.8	0	3	0	15.5	14.5	9.5	37.3	37	4.3	10.3	2	135.2	11.3	12
2017	0	0	13.7	0	19.3	4.2	17.6	24.5	42	3.2	0	17	141.5	11.8	12
2018	16.2	8.5	8.7	3.8	11.7	43	10.6	18.3	45.9	15.7	12.7	0	195.1	16.3	12
2019	1.5	0			4.9	28.3	20	6.7	15.8	10.7	42.1	17	147	14.7	10
2020	17.5	23	0	0	3.1	61.5	58.2	3.2	9.5	0	0		176	16	11
2021	0	0	0	4	14	12	32.8	28.4	32	9.8	3.9	1.3	138.2	11.5	12
2022			0	6.5	0.8	14.7	5.6		61.4	15.1		0	104.1	13	8
MÍNIMA	0	0	0	0	0	0.3	4	1.2	2	0	0	0	6	1.2	5
MÁXIMA	30	80	64	16	87	76	58.2	58	61.4	68	42.1	31	355.2	29.6	12
MEDIA	5.8	5.3	3.4	3.1	8.6	21.3	21.2	21	24.6	10.5	6.6	4.5	123.7	11.2	10.8
DESV.ST	8.6	12.9	9.7	4.7	13.5	16.3	11.4	12.9	14.2	11.5	8.7	6.7	59.3	4.8	1.8

LLUVIA TOTAL MENSUAL
AÑO	ENE	FEB	MAR	ABR	MAY	JUN	JUL	AGO	SEP	OCT	NOV	DIC	ACUM	PROM	MESES
1969							12	48.5	69.5	13	15.5	30	188.5	31.4	6
1970	7.5	22	0	0	1	107	55.01	47	46		0	0	285.51	26	11
1971	5	0	0	0	3								8	1.6	5
1972			0	0		105	90	69	81	23.5	28.5	0	397	44.1	9
1973	25	15	9	0	33.5	58.5	70	145.2	62.6	50	0	0	468.8	39.1	12
1974	0	0	2	14	13	13.8	69.5	10	40	23.5	3	16	204.8	17.1	12
1975	21	0	0	0	0	28.2	168	86	21.5	5	0	10	339.7	28.3	12
1976	0	0	0	3	0	36	178	28	150	24	64	2.72	485.72	40.5	12
1977	0.3	0	0	0	0	23	27	25	37.6	21.7	3	0	137.6	11.5	12
1978	0	0	0.5	5	2.5	1.4	32.11	26.7	116.2	1.6	0	0.7	186.71	15.6	12
1979	0	0.2	0	3	0	19.2	61	64	5.6	0	0.9	7.8	161.7	13.5	12
1980			0	0	0	0.3	37			28	0.3	10	75.6	9.4	8
1981	3		5		20		63	117		21	4	12	245	30.6	8
1982		0	0	5	0.3	43	12.61	26.5	19	3	0		109.41	10.9	10
1983	6	0	11	0	59	33	93.5	109.1	88	11	7	0	417.6	34.8	12
1984	3	0	0	0	24.5	64	187.5	16.5	41				336.5	37.4	9
1985							11	89	25	29	0	23	177	29.5	6
1986	6	0	0	24.2	15.9	74.92	20.3	2.2	29.2				172.72	19.2	9
1987	61	24	0	5	34	64	105	53	94	6	8	40	494	41.2	12
1988	0	0	0	16	5	117	152	64	54	0	0	4	412	34.3	12
1989	0	13	0	0	0			82.81	70	4	33.2	38	241.01	24.1	10
1990	0.2	3	0	0						27.5	0	0	30.7	4.4	7
1991	0	7	0	0	2	33	147.4	67.5	153.8	27	9.5	21	468.2	39	12
1992	81	0	2	0	51	4	35.2	34	28.1	17		3	255.3	23.2	11
1993	0.2	0	1			11.9	55.2	51.8	76.3	5	46	0	247.4	24.7	10
1994	24	0	12	17	6	110	88.5	70.3	43.8	18.5	18.5	20	428.6	35.7	12
1995	4.2	0	0	0	1	18.2	37.5	132.5	24	6.5	3.5	3	230.4	19.2	12
1996	0	3	0	0	8.5	107	21	125	110	152	12	0.5	539	44.9	12
1997	17	10.3	5	16.5	5.5	38.5	51	33	58	24	31	4.1	293.9	24.5	12
1998	0	1	0	0		24	18.5	165.3	19.9	24.8	11.5	0	265	24.1	11
1999	0	0	0	0	0.5	77.5	51.8	19.4	19.5	1	0	11	180.7	15.1	12
2000	0	4	0	0	37.8	141.6	31.02	55.5	74.5	26.9	6.01	0.7	378.03	31.5	12
2001	2.2	0.5	10	4.5	13.5	12	71	96.5	55.5	15.5		1.5	282.7	25.7	11
2002	4	28.5	0	2	13.5	94	28	58	132		12.3	0	372.3	33.8	11
2003	1		0	3	24.5	50	110.5	31	99.5	58	0	0	377.5	34.3	11
2004	46	0	52.5	10	24	100.5	90.5	186.8	193	4.2			707.5	70.8	10
2005	2	49	0.5	9.5	0	5	73.5	77	15.5		3.5	0	235.5	21.4	11
2006	46.5	0	0	0	18.5	35	47	127	64.5	65.5	6	33	443	36.9	12
2007	5	1.5	0	2	1	154	100.5	34	82	4.5	0	0	384.5	32	12
2008	0	0.5	0	0.5	2.5	81.5	82.5	154	118	11.5	0	0	451	37.6	12
2009	0	0	2	0	19.5	108	58	131	116.5	2	15	3	455	37.9	12
2010	2.5	25.5	1	1	2	22.5	82.5	46.5	103.5	0	0	0	287	23.9	12
2011	0	0	0	0	5	18	54.5	46	26.5	21	0	0	171	14.2	12
2012	12	12	0	16	4	17.5	49	123.5	111.5	45.5	23.5	0.5	415	34.6	12
2013	6.5	0	0	0	17.5	49.5	155	68	153	18.5	12.5	32.5	513	42.8	12
2014	14.5	0	15.5	0	24	102.5	79	66.5	105.5	14.5	57	6	485	40.4	12
2015	12.5	102.2	170.4	23.5	92.5	118	91.5	29.6	38.1	71.9	1.2	0	751.4	62.6	12
2016	4.3	0	6.9	0	30.2	41.5	32.6	191.3	109.7	10.5	11.1	2	440.1	36.7	12
2017	0	0	24.3	0	23.9	5.1	105	126.2	97	9.3	0	19.1	409.9	34.2	12
2018	16.2	9.7	8.7	5.8	16.3	101.1	47.5	39.9	240.5	41.5	17.6	0	544.8	45.4	12
2019	1.5	0			4.9	80.74	42.7	18.5	57.9	15.1	51.2	21.3	293.84	29.4	10
2020	32.2	29.2	0	0	4.4	82.6	188.4	6.4	39	0	0		382.2	34.7	11
2021	0	0	0	4	50	40.4	137.2	111.6	119.8	18.02	5.21	1.31	487.54	40.6	12
2022			0	9.3	1.5	31.3	12.9		158.4	51.8		0	265.2	33.1	8
MÍNIMA	0	0	0	0	0	0.3	11	2.2	5.6	0	0	0	8	1.6	5
MÁXIMA	81	102.2	170.4	24.2	92.5	154	188.4	191.3	240.5	152	64	40	751.4	70.8	12
MEDIA	9.9	7.7	6.7	4.1	14.9	56.3	73	72.7	77.9	22.4	11.1	7.9	333.6	30.2	10.8
DESV.ST	17.2	17.6	24.9	6.5	18.9	41.5	48.3	48.6	50.6	26	16.1	11.5	155.3	13	1.8

EVAPORACIÓN MENSUAL
AÑO	ENE	FEB	MAR	ABR	MAY	JUN	JUL	AGO	SEP	OCT	NOV	DIC	ACUM	PROM	MESES
1969							43.68	241.8	175.68	167.7	156.69	136.34	921.89	153.6	6
1970	148.3	133.1	241.7	269.8	335.7	240.7	213.8	253.6	132.8		172	187.7	2329.2	211.7	11
1971	148	166.3	227.2	263.4	303.9								1108.8	221.8	5
1972			229.2	273.9		230.6	284.2	178.3	198.9	187.3	161.9	161.7	1906	211.8	9
1973	140.2	185.7	383.3	269.1	329.8	300.3	266.9	294.7	195.8	174.4	157.9	175	2873.1	239.4	12
1974	186.3	154.8	309.1	286.8	326.2	234.4	231.7	208.2	203.7	175.1	158.5	162.2	2637	219.8	12
1975	161.6	178.8	257.3	303.8	305.3	248	171.2	188.6	204.6	210.6	176	165.1	2570.9	214.2	12
1976	168.8	160.7	250.1	269.8	221.6	206.5	138.7	185.4	173.5	157	139.2	112	2183.3	181.9	12
1977	174.7	146.7	251.3	217.2	272.9	192.8	231.5	213	189.2	188.9	154.6	147.5	2380.3	198.4	12
1978	167.8	127.8	186.5	303.3	346.5	317.4	229.6	191.1	154	142.1	118.9	118	2403	200.2	12
1979	143.7	162.3	238.7	209.5	275.8	248.9	205.2	174.8	194.2	175	167.4	141	2336.5	194.7	12
1980			218.1	261	282.7	279	206.1			153.6	121.4	98.7	1620.6	202.6	8
1981	92.5		223.7		283		177.9	180.1		137.9	131	111.4	1337.5	167.2	8
1982		163.1	199.2	259	265.8	259.9	188.2	193.6	176.7	169.6	123		1998.1	199.8	10
1983	87.1	140.5	216.5	268.6	270.9	254	178	180.4	124.7	163.5	144	122.9	2151.1	179.3	12
1984	113.4	128.2	184.8	215.3	252.6	219.1	150.6	155.7	161.7				1581.4	175.7	9
1985							28.7	168.4	166	173.5	137.4	125.6	799.6	133.3	6
1986	119.5	138.5	187.1	217.5	227.7	152.3	167.1	196.6	178.1				1584.4	176	9
1987	79	106.2	164.2	210.3	240.6	211.6	196.5	177.7	186.3	140.7	116.8	94.8	1924.7	160.4	12
1988	96.7	126.1	185.3	199.5	202.1	205.5	153.9	164.2	167.8	155.1	128.6	109.1	1893.9	157.8	12
1989	113.36	138.3	202.9	212.54	251.2			146.6	168.2	163.8	100.2	78.9	1576	157.6	10
1990	106.54	129.28	209.68							122.5	125.97	95.32	789.29	131.5	6
1991	106.11	126.19	236.23	268.59	288.46	237.99		176.45		134.14	107.74	88.46	1770.36	177	10
1992	83.33	122.11	172.87	168.07	190.86	202.73	206.69	162.31	124.98	80.05		130.83	1644.83	149.5	11
1993	121.73	144.02	104.15										369.9	123.3	3
1996							164.44	182.39	137.36	151.18	118.41	118.96	872.74	145.5	6
1997	115.07	193.96	188.75	191.01	238.08	244.76	243.35	245.38	196.14	170.11	123.97	118.63	2269.21	189.1	12
1998	150.05	187.98	261.61	287.02		280.21	278.74	188.12	151.25	144.41	119.98	116.44	2165.81	196.9	11
1999	153.07	169.35	261.65	279.66	340.75	213.88	212.76	245.94	205.76	186.3	150.34	124.63	2544.09	212	12
2000	153.28	175.26	264.31	294.3	279.44	186.87	242.36	198.61	203.93	141.11	128.46	120.97	2388.9	199.1	12
2001	129.52	168.78	235.27	264	263.85	267.4	250.03	230.98	170.59	175.72		108.8	2264.94	205.9	11
2002	140.18	136.44	260.32	269.44	317.67	258.03	202.94	209.16	174.77		102.38	95.09	2166.42	196.9	11
2003	107.2		232.31	177.22					119.75	108.43	118.31	119.18	982.4	140.3	7
2004	84.19	152.26	208.28	238.36	276.38	194.34	172.77	178.06	101.28	131.22			1737.14	173.7	10
2005		123.97	193.74	241.75	285.21	292.2	200.26	162.95	174.64		106.68	89.26	1870.66	187.1	10
2006	116.39	145.41	219.32	330.31	335.58	243.12	210.61	146.34	104.23	93.73	83.9	65.86	2094.8	174.6	12
2007	87.93	141.69	217.42	247.97	272.33	218.08	157.45	174.96	131.16	127.68	90.31	114.24	1981.22	165.1	12
2009						61.13	203.29	203.84	99.23	109.57	90.89	77.63	845.58	120.8	7
2010	101.66	103.67	192.74	259.41	307.01	290.1	174.67	223.86	138.77	155.41	112.27	95.98	2155.55	179.6	12
2011	117.18	159.38	218.3	270.42	304.28	308.75	176.35	211.7	169.85	126.44	116.07	100.01	2278.73	189.9	12
2012	110.65	117.11	214.31	263.18	294.25	282.82	197.15	204.09	132.9	132.32	76.59	72.14	2097.51	174.8	12
2013	92.98	152.08	181.35	243.41	240.88	267.12	162.56	177.26	94.01	102.5	55.35	66.51	1836.01	153	12
2014	61.67	143.28	184.38	220.3	205.72		113.05	152.57	109.57	126.82	72.02	60.97	1450.35	131.8	11
2015	83.86	88.51	164.47	163.5	215.84	189.89	172.88	206.1	161.62	107.8	68.8	80.76	1704.03	142	12
2016	76.1	142.7	187.8	227.73	292.44	247.77	205.76	141.9	125.65	99.27	67.58	74.56	1889.26	157.4	12
2017	96.25	113.14	191.28	248.57	289.24	288.16	194.37	168.44	103.1	103.37	100.64	63.9	1960.46	163.4	12
2018	84.15	105.28	201.13	231.57	255.87	220.57	212.89	192.42	109.7	82.45	64.93	80.68	1841.64	153.5	12
2019	82.98	139.48			280.2	226.09	216.84	203.44	125.21	133.5	76.53	73.3	1557.57	155.8	10
2020	79.27	113.98	195.51	241.79	274.46	245.28	250.53	179.84	111.61	154.9	104.28		1951.45	177.4	11
2021	108.55	96.92	124.2							136.25	136.35	136.73	739	123.2	6
2022			219.1	228.43	268.18	260.08	219.85		123.7	73.72	86.96	81.57	1561.59	173.5	9
MÍNIMA	61.67	88.51	104.15	163.5	190.86	61.13	28.7	141.9	94.01	73.72	55.35	60.97	369.9	120.8	3
MÁXIMA	186.3	193.96	383.3	330.31	346.5	317.4	284.2	294.7	205.76	210.6	176	187.7	2873.1	239.4	12
MEDIA	116.4	141.7	215.1	246.8	275.9	238.2	193.3	192.3	153.5	142	117.5	109.5	1801.9	174.9	10.1
DESV.ST	31.5	25.3	44.8	37.4	38.9	46.9	50.3	31.5	34.5	32.2	31.4	31.6	562.9	28.6	2.4

TEMPERATURA MÁXIMA PROMEDIO
AÑO	ENE	FEB	MAR	ABR	MAY	JUN	JUL	AGO	SEP	OCT	NOV	DIC	ACUM	PROM	MESES
1969							29.9	30.3	28.9	26.2	27.2	25.1		27.9	6
1970	23.5	21.9	25.8	34.7	35.2	32.1	30.8	29.4	23.8		25.4	25.8		28	11
1971	25.3	29.8	32.9	33.3	34.9									31.2	5
1972			32.6	30.8		33.3	32.9	31.9	32.1	31.8	30	26		31.3	9
1973	26.3	26.7	31.5	33.9	35.1	33.8	32.2	29.8	30.7	25.1	25.1	26		29.7	12
1974	24.9	25.1	31.9	33.5	35.7	32.5	33.3	27.2	30.7	28.9	27.4	24.2		29.6	12
1975	24.5	25.6	31.6	35.2	35.2	34.3	31.4	30.3	30.2	30.3	29.4	25.2		30.3	12
1976	25.6	24.5	31.7	33.1	34.4	34.8	29.4	30.3	30.1	28.2	22.7	22.4		28.9	12
1977	23.8	26.7	30.9	30.9	32.8	33.6	31.6	30.8	29.3	27.2	26.7	25.1		29.1	12
1978	24.2	22.2	28.3	32.7	34.4	32.9	31.4	30.6	28.7	26.5	26.8	25.3		28.7	12
1979	24.2	23	26.8	29.9	29.5	31.3	30.4	26.7	27.2	29.7	24.4	22.1		27.1	12
1980			28.3	28	30	33.5	31			26	22.6	21.7		27.6	8
1981	19.1		25.3		29.1		30.3	29		28.2	25.6	23.9		26.3	8
1982		25.9	30	32	32.6	34.2	29.5	30.4	29.7	28.7	25.7			29.9	10
1983	20.2	22.5	24.4	28.6	31.5	31.9	29.3	29.8	30.4	28.2	25.4	23.1		27.1	12
1984	20.5	22.8	25.6	28.7	31	30.8	26	28.2	26.7					26.7	9
1985							26.7	26.9	30.4	27.4	26	23		26.7	6
1986	23.7	24.7	25.7	31.5	31.9	29.1	28.5	30.6	30.4					28.5	9
1987	19.3	22.5	25.9	29.5	30.5	30.1	28.7	30	28.4	26.4	25.2	22.5		26.6	12
1988	22.3	25	25.9	29.5	32.8	29.5	27.2	27.7	28.3	27.4	27.3	24.8		27.3	12
1989	24.7	26.1	26.6	29.6	32.7			28.1	27.1	27.7	24.6	19.2		26.6	10
1990	23.1	22.5	27.1	28.9						25.5	25.7	24.2		25.3	7
1991	24.6	25	29.9	32						25.6	22.9	21		25.9	7
1992	17.3	20.7	26.1	30	31	33	32.1	32.1	26	28.1		25.3		27.4	11
1993	21.4	23	25.6			31.2	30.6	30.1	25.9	27.4	24.9	24.9		26.5	10
1994	21.7	26.4	27.7	22.8	23.5	21.4		28.4	27.6	27.4	27.6	23.2		25.2	11
1995	23.4	25.1	27.2	30	33.8	33	30.7	28.5	28.5	27.6	25.5	23.3		28	12
1996	24.2	26.6	27.4	29.3	34	31.3	31.1	29.1	27.2	25.6	23.3	23.1		27.7	12
1997	21.4	23.6	24.3	25.4	30.7	31.4	30.9	30.8	28.7	31.9	24.2	20.2		27	12
1998	22.5	23.7	27.2	31.3		33.2	31.7	28.8	27.6	27.5	25.8	24.7		27.6	11
1999	24.1	26.8	28	31.5	33.8	32	29.5	30.9	30.1	26.3	24.2	21.5		28.2	12
2000	24.5	26.6	29	31.5	32	28.3	30.4	28.9	29.1	27.5	24.4	22.5		27.9	12
2001	22.5	25.9	26.4	32.5	30.9	31.3	31.1	30.1	28	27.6		22.2		28	11
2002	23.5	23.1	28.4	32	32.9	30.8	29.4	29.7	27.3		25.6	22.1		27.7	11
2003	22.7		27.9	30.5	35.2	33.7	27.6	29.3	27	24.8	26.8	22.6		28	11
2004	18.9	22.9	27.8	29	31.7	29.3	29.1	28.7	27.8	32.7				27.8	10
2005	23	22.6	25.5	30.7	32.8	34.4	30.2	28.1	29.8	25.8	25.8	22.8		27.6	12
2006	22.8	26.1	28.7	32.9	32.2	31	30.2	28.5	27.1	26.5	25.1	20.3		27.6	12
2007	21.5	24.2	28.5	30.5	32.6	30.9	28.4	29.4	28.1	28.1	26.3	24.8		27.8	12
2008	23.6	26.9	27.3	32	32.8	31.8	28.4	27.9	24.2	25.7	24.1	24.1		27.4	12
2009	24.4	26.8	27.8	30.2	32.3	30.9	30.7	29.9	26.2	27.6	23.3	21.9		27.7	12
2010	20.6	20.7	25.8	30.6	34	33.1	28	30.8	28.1	27.9	24.6	23.6		27.3	12
2011	23.6	26.7	30	33.5	34.5	33.3	30.2	31.5	29.9	28	24.6	23.5		29.1	12
2012	22.8	23.7	28.9	30.7	32.9	32.9	29.9	30	27.1	27.8	25	23.2		27.9	12
2013	21.3	25.6	26.6	31.3	31.9	32.5	28.2	27.5	25.8	27.9	22.3	22.6		27	12
2014	20.5	27.6	28.5	30.9	30.8	31.3	28.1	29.4	27	28.1	23.8	23		27.4	12
2015	21.2	21.4	22.8	28.8	32.1	29.3	28.5	30.5	29.4	26.1	26.1	22.9		26.6	12
2016	20.1	25.4	26.7	32	33.8	31.1	32	27.7	27.8	27.1	23.4	25.1		27.7	12
2017	23.7	27.1	28.1	31.7	34.6	32.8	29.9	29.1	26.7	27.2	26.9	20.3		28.2	12
2018	22.1	25.3	30.3	32	33.6	31.3	30.9	29.8	26.6	25.9	24.7	22.1		27.9	12
2019	23.8	28.5			34.9	33	31.1	32.2	29.5	29	25	23.6		29.1	10
2020	22.1	26.3	31.4	34	33.7	32.2	29.9	30.8	27.7	29.5	27.8			29.6	11
2021	21.9	25	29.2	28.4	28.1	26.7	24.6	25.2	24.7	27.4	27.4	27		26.3	12
2022			30.1	34	35.1	32.7	31.5		26.8	26.3	27.8	26		30	9
2023								33.8						33.8	1
MÍNIMA	17.3	20.7	22.8	22.8	23.5	21.4	24.6	25.2	23.8	24.8	22.3	19.2		25.2	1
MÁXIMA	26.3	29.8	32.9	35.2	35.7	34.8	33.3	33.8	32.1	32.7	30	27		33.8	12
MEDIA	22.6	24.8	28	30.9	32.6	31.7	29.9	29.5	28.1	27.6	25.5	23.4		28	10.6
DESV.ST	1.9	2.1	2.3	2.3	2.2	2.3	1.7	1.6	1.8	1.7	1.7	1.7		1.5	2.3

TEMPERATURA MÁXIMA EXTREMA
AÑO	ENE	FEB	MAR	ABR	MAY	JUN	JUL	AGO	SEP	OCT	NOV	DIC	ACUM	PROM	MESES
1969							32	34	33	29	33	31		32	6
1970	27	26	29	39	39	39	37	34	26		28	31		32.3	11
1971	29	34	37	37	39									35.2	5
1972			38	35		38	38	37	35	35	35	29		35.6	9
1973	32	32	35	37	40	40	36	35	34	31	29	29		34.2	12
1974	28	28	39	37	38.5	35	36	30	33	33	33	33		33.6	12
1975	32	29	35	38	39	37	35	35	34	35	32	31		34.3	12
1976	29	28	35	36	38	38	34	33	34	34	28	25		32.7	12
1977	27	33	37	35.5	38	36	34	33	32	30	30	31		33	12
1978	26	27	33.5	36	37	35	33	34	33	32	31	31		32.4	12
1979	28	28	32	33.5	32	36	33	30	31	32	29	26		30.9	12
1980			32	34	33.5	37	34			32	28	27		32.2	8
1981	26		30		34		33	33		31	30	31		31	8
1982		30	37	35	39	39	33	33	33	32	30			34.1	10
1983	27	27	30	33	37	35	32	33	32	33	34	28		31.8	12
1984	28	28	30	33	35	35	31	31	31					31.3	9
1985							29	31	32	31	30	29		30.3	6
1986	29	29	30	35	36	33	31	34	32					32.1	9
1987	29	29	30	35	35	36	38	32	34	30	30	27		32.1	12
1988	29	31	31	33	37	35	39	31	33	31	31	29		32.5	12
1989	30	30	32	32	36			32	31	31	30	25		30.9	10
1990	28	27	31	32						30	30	30		29.7	7
1991	35	30	35	36						30	27	29		31.7	7
1992	24	30	31	32	32	37	35	35	30	37		31		32.2	11
1993	25	29	30			37	34	35	30	32	30	28		31	10
1994	27	30	32	30	27	25		33	31	32	30	28		29.5	11
1995	28	29	33	33	37	37	35	32	34	32	30	30		32.5	12
1996	29	31	31	34	37	35	34	34	31	30	30	27		31.9	12
1997	26	30	30	32	34	35	33	33	33	39.5	28	27		31.7	12
1998	26	30	33	35		37	36	36	32	31	30	30		32.4	11
1999	28	30	32	36	36	38	33	33	35	32	27	27		32.2	12
2000	30	31	33	36	35	32	34	32	32	32	29	28		32	12
2001	27	29	31	36	35	36	34	33	32	31		27		31.9	11
2002	29	29	34	37	39	35	34	32	31		35	27		32.9	11
2003	28		34	35	39	40	32	32	33	29	34	31		33.4	11
2004	27	30	34	33	36	35	36	34	34	38				33.7	10
2005	29	29	33	34	35	39	34	31	33	30	30	29		32.2	12
2006	29	31	33	36	39	36	38	36	31	34	33	28		33.7	12
2007	26	31	32	34	36	39	32	32	31	33	29	29		32	12
2008	28	31	34	36	37	36	32	33	30	31	29	28		32.1	12
2009	29	33	34	36	37.5	35.5	34	34	30	33	28.5	27		32.6	12
2010	27	27	33	34	37	37	32	33	33	32	30	28		31.9	12
2011	28	31	34	36	40	37	34	35	36	33	29	27		33.3	12
2012	28	31	32	36	39	37	33	34	31	31	30	26		32.3	12
2013	27	28	32	35	36	36	36	33	30	33	27	28		31.8	12
2014	27	30	34	34	34	35	33	33	32	31	36	27		32.2	12
2015	27	31	30	33	36	35	32	33	34	32	30	30		31.9	12
2016	26	32	33	39	37.5	35.5	34	32	30	30	30	29		32.3	12
2017	28	32	34	35	39	35	34	34	33	30	33	29		33	12
2018	29	30	34	36	39	37	35	33	29	32	30	28		32.7	12
2019	29	34			39	36	34	35	33	33	31	30.2		33.4	10
2020	26.9	38.1	35.7	37.7	36.6	36.1	34.7	34.1	31.9	32.5	32.9			34.3	11
2021	26.9	28	34.5	31.3	31.6	32.6	28.4	28.6	27.2	30	29	28.4		29.7	12
2022			36.1	37.1	37.1	36.7	35.7		29.6	31.2	31.2	29.2		33.8	9
2023								39.1						39.1	1
MÍNIMA	24	26	29	30	27	25	28.4	28.6	26	29	27	25		29.5	1
MÁXIMA	35	38.1	39	39	40	40	39	39.1	36	39.5	36	33		39.1	12
MEDIA	28	30	33	34.9	36.5	36.1	34	33.2	32	32	30.4	28.6		32.5	10.6
DESV.ST	1.9	2.2	2.3	2	2.6	2.4	2.1	1.8	1.9	2.1	2.1	1.8		1.5	2.3

TEMPERATURA MÍNIMA PROMEDIO
AÑO	ENE	FEB	MAR	ABR	MAY	JUN	JUL	AGO	SEP	OCT	NOV	DIC	ACUM	PROM	MESES
1969							16.1	15.8	14	10.5	4.1	2.1		10.4	6
1970	1.9	4.1	6.2	8.9	13.7	12.9	12.1	12.8	10		2.2	1.2		7.8	11
1971	4.8	4.1	6.5	13.1	12.8									8.3	5
1972			9.8	12.9		16.2	16.7	11.8	13.1	11.6	11.8	5.9		12.2	9
1973	4	6.3	9	10.6	14.9	14.4	13.4	13.2	13.2	10	9	0.3		9.9	12
1974	0.1	4.6	8.5	12	14.2	13.6	12	12.2	12.4	10	5.5	5.1		9.2	12
1975	0.7	1.2	6.8	12.7	13.2	14.7	13.5	12.8	11.8	10.3	5.3	0.6		8.6	12
1976	2.7	3.9	6.6	10.5	12.9	15	12.9	13.8	13.1	9.8	4.7	5.1		9.2	12
1977	3.2	5.5	7.6	9.8	14.5	13.9	13.3	14.3	14.2	10.9	9.4	4.2		10.1	12
1978	3.2	3.6	6.3	11.8	14	14.9	12.9	14.3	13.7	10.2	6.8	5		9.7	12
1979	3.8	5.5	6.4	11.6	11.7	15.7	13.6	12.7	10.9	8.4	4.4	4.1		9.1	12
1980			7.2	8.8	13.6	14.7	15.5			10.5	4.2	5.3		10	8
1981	2.2		5.8		11.4		14.1	14.1		10.3	4.5	2.4		8.1	8
1982		2.4	6.5	11	13.3	16.7	15	14.6	14.2	11	4.1			10.9	10
1983	3.4	2.2	4.3	6.8	12.2	14.3	15.1	14.2	13.5	9.7	6.4	2.8		8.7	12
1984	3.7	2.7	7.5	11	15.1	16	15.3	16.1	14.1					11.3	9
1985							14	12.7	14.6	12.4	7.1	4.2		10.8	6
1986	2.5	4.6	4.9	12	14.2	11.8	12.7	14.5	14.4					10.2	9
1987	1.7	4.5	6	10.3	14.1	17.7	17.7	17.1	16.1	11.3	8.5	6.4		11	12
1988	2.4	5.4	6.6	11	14.4	16.5	14.8	15	13.8	10.9	6.1	4.7		10.1	12
1989	5.1	5.1	5.2	10.5	13.1			14.7	12.8	8.9	5.8	3.5		8.5	10
1990	4.5	5.1	8.1	8.5						10	6.5	4.7		6.8	7
1991	5.6	8.8	11.1	13						10.8	6.1	6.5		8.8	7
1992	5.3	3.6	6.5	10.5	10.1	12.2	18.3	17.8	10.9	9.6		6.5		10.1	11
1993	5.3	4.6	7.2			15	14.5	15.2	13.7	9.8	6.1	3.9		9.5	10
1994	3.3	4	6.4	7.5	10.5	10.8		14	13.4	10.3	9.1	6.7		8.7	11
1995	2.3	6.7	6.5	8.2	13.6	15.4	15.6	15.5	14.7	8.8	7	3.6		9.8	12
1996	1	6	4.9	8.1	15	15.2	16.2	14.5	13.9	9.3	5.8	3.4		9.4	12
1997	1.4	5	6.5	8.3	11.5	15.1	15.6	15	14.2	9.9	7	0.5		9.2	12
1998	0.6	1	4.7	9.1		18	16.7	15.9	14.2	12.7	7.3	3.8		9.5	11
1999	0.3	5.2	6	11.6	12.8	15.9	14.7	15.4	14	9.2	3.9	1.3		9.2	12
2000	2.6	4.8	6.8	10.3	14.2	15.3	14.2	13.3	13.3	9.9	5.8	3		9.5	12
2001	4.2	5.9	5.3	11.8	12.8	14.9	15.6	15.1	14	9.2		3.5		10.2	11
2002	2.6	4.4	7	12.9	14.5	15	14.5	14.5	12.8		6.5	2		9.7	11
2003	2.5		5.5	10.7	14.1	13.3	14.5	13.8	13.6	9.4	7.2	0.5		9.6	11
2004	3.7	3.4	7.8	8.5	12.7	13.9	14.4	14.6	13.5	9.9				10.2	10
2005	2.9	6.1	4.9	8.5	10.5	14.2	15.2	14.1	12.9	5	4.8	1.7		8.4	12
2006	1.3	4	6.8	10.6	12.3	14.5	14.1	14	13.4	10.1	4	2.3		8.9	12
2007	3.1	2.3	6	7.5	12.3	14.6	14.2	13.8	13.2	7.3	4.8	2.5		8.5	12
2008	1	2	3.9	8.9	12	15.5	14	14.1	12.7	8	3.5	1.4		8.1	12
2009	3	3.7	6	7.6	12.3	14.9	15	14.6	13.3	10.2	3.2	1.1		8.7	12
2010	0.1	2	3.6	8.4	12.3	15.2	15.3	14.9	14.3	7	2.3	-0.7		7.9	12
2011	0.6	2.2	8	9.2	11.9	15.7	15.1	15.2	12.2	9.3	4.6	2.7		8.9	12
2012	1.8	5.1	7.3	10.1	12.7	15	15	14.6	12.5	10.2	7.3	3.3		9.6	12
2013	2.9	4.6	5.3	8.8	12.6	15.5	14.8	13.9	13.4	11	7.3	3.3		9.4	12
2014	1.1	4.4	6.2	9.5	12.7	16.4	14.9	14.9	14.1	9.7	4.6	2.8		9.3	12
2015	5.4	5	7.8	10.9	13.5	15.6	14.5	14.1	14.1	11.2	8.3	3.3		10.3	12
2016	-1.1	3.4	6.1	9.5	13.7	15.3	15.7	15.9	14.8	10.7	8.4	4.3		9.7	12
2017	2.7	4.2	8.1	9.8	13.5	16.5	15.7	15.5	14.8	10.7	5.2	3.8		10	12
2018	2.6	8.5	9	11.2	14.7	16.5	15.9	15.9	15	11.6	4.4	1.9		10.6	12
2019	2.7	6.6			12.5	17.5	15.9	17.4	14.9	12.2	9.2	3.1		11.2	10
2020	3.6	5.9	11.5	10.8	13.4	16.8	17	15.7	13.1	8.1	6.2			11.1	11
2021	3.6	6.1	9.6	8.4	11.7	12.9	11.6	11.1	12.1	7.4	7.4	3.5		8.8	12
2022			4.7	10.4	13.5	15.6	16.5		13.7	9.2	4.2	2.1		10	9
2023								15.5						15.5	1
MÍNIMA	-1.1	1	3.6	6.8	10.1	10.8	11.6	11.1	10	5	2.2	-0.7		6.8	1
MÁXIMA	5.6	8.8	11.5	13.1	15.1	18	18.3	17.8	16.1	12.7	11.8	6.7		15.5	12
MEDIA	2.7	4.5	6.7	10.1	13	15	14.8	14.5	13.5	9.9	6	3.2		9.6	10.6
DESV.ST	1.6	1.7	1.7	1.6	1.2	1.5	1.4	1.3	1.1	1.4	2	1.8		1.3	2.3

TEMPERATURA MÍNIMA EXTREMA
AÑO	ENE	FEB	MAR	ABR	MAY	JUN	JUL	AGO	SEP	OCT	NOV	DIC	ACUM	PROM	MESES
1969							14	14	9	3	-1	-3		6	6
1970	0	-1	3	2	11	11	10	9	6		-5	-3		3.9	11
1971	0	0	3	10	9									4.4	5
1972			4	9		13	15	9	11	10	5	0		8.4	9
1973	2	3	4	4	11	8	11	11	11	7	3	-7		5.7	12
1974	-4	2	4	4	10	12	9	9	11	7	-1	-1		5.2	12
1975	-8	-6	0	9	9	11	12	11	8	5	-1	-6		3.7	12
1976	-1	-1	1	6	10	8	10	11	10	4	2	2		5.2	12
1977	-2	2	2	6	11	10	10	10	10	6	6	1		6	12
1978	0	-1	1.5	5	9	9	11	12	9	3	2	0		5	12
1979	0	2	1	9	9	11	11	10.5	5	4	-4	-3		4.6	12
1980			2	1	10.5	12	11			3	0	0		4.9	8
1981	-5		2		9		10	9		4	0	-1		3.5	8
1982		-3	0	5	9	12	12	11	11	3	0			6	10
1983	0	-1	1	1	9	11	13	11	11	5	0	-5		4.7	12
1984	0	0	1	4	11	11	13	12	10					6.9	9
1985							12	10	10	5	4	0		6.8	6
1986	-2	0	1	7	11	8	9	12	10					6.2	9
1987	-4	0	-1	4	11	13	14	14	10	8	3	1		6.1	12
1988	-6	0	3	6	10	13	12	13	12	8	2	0		6.1	12
1989	-0.1	0	0	5	8			9	4	2	2	0		3	10
1990	-4	-2	3	4						5	-1	0		0.7	7
1991	0	3	4	7						6	-1	-1		2.6	7
1992	2	0	0	8	7	7	15	10	6	1		1		5.2	11
1993	0	0	3			11	12	13	8	0	0	-1		4.6	10
1994	-3	-2	1	4	7	7		10	8	6	5	0		3.9	11
1995	-2	0	2	3	7	9	12	13	12	2	0	0		4.8	12
1996	-2	-1	-1	2	11	10	13	11	11	5	-1	-4		4.5	12
1997	-8	0	0	2	7	11	12	13	10	2	-1	-12		3	12
1998	-5	-5	1	3		16	14	13	11	8	3	-2		5.2	11
1999	-4	0	-1	6	8	11	12	12	11	2	-1	-5		4.2	12
2000	-2	-4	1	2	10	14	10	10	7	6	-1	-1		4.3	12
2001	-7	-1	0	7	9	12	13	11	11	6		-5		5.1	11
2002	-4	-3	2	10	11	13	13	11	7		-2	-4		4.9	11
2003	-2		-1	5	5	8	13	11	4	-1	1	-5		3.5	11
2004	-3	-3	1	3	6	12	12	13	11	6				5.8	10
2005	-4	0	0	0	1	9	13	13	9	-2	-2	-2		2.9	12
2006	-9	0	0	6	8	11	9	12	11	3	-1	-6		3.7	12
2007	-2	-1	-2	3	7	12	12	12	11	-1	0	-4		3.9	12
2008	-5	-2	-5	3	6	13	11	12	7	4	-1.5	-6		3	12
2009	-3	-3	0.5	3	9	12	13	11	11	1	0	-4.5		4.2	12
2010	-5	-5	-2.5	3	4.5	11.5	11.5	13	7	3.5	-2	-6		2.8	12
2011	-4	-10	3	5	8	13.5	13	13	4	5	-9	-6		3	12
2012	-5	-1	0	5.5	7	13	12	11	7	6	4	-3		4.7	12
2013	-4	-2	-4	5	8	12	13	12	10	2	-4	-1		3.9	12
2014	-4	0	-1	2	4	13	13	10	10	4	-8	-5		3.2	12
2015	-1	0	4	7	7	12	12	11	8	5	2	-8		4.9	12
2016	-5	-3	0	3	8	9	14	14	13	6	3	-4		4.8	12
2017	-2	-2.5	3	2	9	13	14	13	11	5	-4	-11		4.2	12
2018	-2	4	6	1	11	15	13	15	13	8	-7	-7		5.8	12
2019	-4	1			8	14	14	15	13	4	3	-3.2		6.5	10
2020	-4	-1.4	4.4	5.1	7.8	12.1	14.2	11.7	6.2	2.6	2.6			5.6	11
2021	-3.5	1.2	3	3.5	5.5	9.2	9.2	7.4	8.2	3.4	5.2	-1.5		4.2	12
2022			-3.3	5.5	8.2	13.9	14.2		9.7	3.1	-2.4	-4		5	9
2023								11.1						11.1	1
MÍNIMA	-9	-10	-5	0	1	7	9	7.4	4	-2	-9	-12		0.7	1
MÁXIMA	2	4	6	10	11	16	15	15	13	10	6	2		11.1	12
MEDIA	-2.9	-1	1.1	4.6	8.4	11.3	12.1	11.5	9.3	4.2	-0.1	-3		4.8	10.6
DESV.ST	2.5	2.5	2.2	2.4	2.2	2.1	1.6	1.7	2.4	2.5	3.3	3.1		1.6	2.3

TEMPERATURA MEDIA MENSUAL
AÑO	ENE	FEB	MAR	ABR	MAY	JUN	JUL	AGO	SEP	OCT	NOV	DIC	ACUM	PROM	MESES
1969							23	23	21.4	18.4	15.6	13.6		19.2	6
1970	12.7	13	16	21.8	24.5	22.5	21.4	21.1	16.9		13.8	13.5		17.9	11
1971	15.1	17	19.7	23.2	23.9									19.8	5
1972			21.2	21.9		24.8	24.8	21.9	22.6	21.7	20.9	15.9		21.7	9
1973	15.2	16.5	20.2	22.2	25	24.1	22.8	21.5	22	17.6	17	13.2		19.8	12
1974	12.5	14.9	20.2	22.8	25	23	22.6	19.7	21.6	19.4	16.4	14.6		19.4	12
1975	12.6	13.4	19.2	24	24.2	24.5	22.4	21.6	21	20.3	17.3	12.9		19.4	12
1976	14.2	14.2	19.1	21.8	23.6	24.9	21.1	22	21.6	19	13.7	13.8		19.1	12
1977	13.5	16.1	19.2	20.4	23.6	23.8	22.5	22.6	21.8	19	18	14.7		19.6	12
1978	13.7	12.9	17.3	22.2	24.2	23.9	22.1	22.5	21.2	18.4	16.8	15.2		19.2	12
1979	14	14.2	16.6	20.8	20.6	23.5	22	19.7	19	19	14.4	13.1		18.1	12
1980			17.8	18.4	21.8	24.1	23.2			18.2	13.4	13.5		18.8	8
1981	10.7		15.6		20.2		22.2	21.6		19.2	15.1	13.1		17.2	8
1982		14.1	18.2	21.5	23	25.5	22.2	22.5	22	19.9	14.9			20.4	10
1983	11.8	12.3	14.3	17.7	21.9	23.1	22.2	22	22	19	15.9	13		17.9	12
1984	12.1	12.8	16.6	19.9	23	23.4	20.6	22.1	20.4					19	9
1985							20.4	19.8	22.5	19.9	16.6	13.6		18.8	6
1986	13.1	14.6	15.3	21.8	23	20.5	20.6	22.6	22.4					19.3	9
1987	10.5	13.5	15.9	19.9	22.3	23.9	23.2	23.6	22.2	18.9	16.9	14.4		18.8	12
1988	12.3	15.2	16.2	20.2	23.6	23	21	21.4	21	19.1	16.7	14.8		18.7	12
1989	14.9	15.6	15.9	20	22.9			21.4	20	18.3	15.2	11.3		17.6	10
1990	13.8	13.8	17.6	18.7						17.8	16.1	14.4		16	7
1991	15.1	16.9	20.5	22.5						18.2	14.5	13.8		17.4	7
1992	11.3	12.2	16.3	20.2	20.6	22.6	25.2	25	18.4	18.9		15.9		18.8	11
1993	13.3	13.8	16.4			23.1	22.6	22.6	19.8	18.6	15.5	14.4		18	10
1994	12.5	15.2	17	15.2	17	16.1		21.2	20.5	18.9	18.4	14.9		17	11
1995	12.8	15.9	16.9	19.1	23.7	24.2	23.1	22	21.6	18.2	16.2	13.5		18.9	12
1996	12.6	16.3	16.1	18.7	24.5	23.2	23.6	21.8	20.6	17.5	14.6	13.2		18.6	12
1997	11.4	14.3	15.4	16.9	21.1	23.2	23.2	22.9	21.4	20.9	15.6	10.3		18	12
1998	11.6	12.3	15.9	20.2		25.6	24.2	22.4	20.9	20.1	16.6	14.2		18.5	11
1999	12.2	16	17	21.6	23.3	24	22.1	23.1	22	17.8	14	11.4		18.7	12
2000	13.6	15.7	17.9	20.9	23.1	21.8	22.3	21.1	21.2	18.7	15.1	12.8		18.7	12
2001	13.3	15.9	15.8	22.1	21.9	23.1	23.4	22.6	21	18.4		12.8		19.1	11
2002	13.1	13.8	17.7	22.4	23.7	22.9	22	22.1	20		16	12.1		18.7	11
2003	12.6		16.7	20.6	24.7	23.5	21	21.6	20.3	17.1	17	11.6		18.8	11
2004	11.3	13.1	17.8	18.8	22.2	21.6	21.8	21.6	20.6	21.3				19	10
2005	12.9	14.4	15.2	19.6	21.6	24.3	22.7	21.1	21.4	15.4	15.3	12.2		18	12
2006	12.1	15.1	17.8	21.8	22.2	22.8	22.1	21.2	20.2	18.3	14.6	11.3		18.3	12
2007	12.3	13.2	17.2	19	22.5	22.8	21.3	21.6	20.6	17.7	15.6	13.7		18.1	12
2008	12.3	14.4	15.6	20.4	22.4	23.6	21.2	21	18.4	16.9	13.8	12.8		17.7	12
2009	13.7	15.2	16.9	18.9	22.3	22.9	22.9	22.2	19.8	18.9	13.2	11.5		18.2	12
2010	10.4	11.3	14.7	19.5	23.1	24.1	21.6	22.9	21.2	17.4	13.5	11.5		17.6	12
2011	12.1	14.4	19	21.4	23.2	24.5	22.6	23.4	21	18.6	14.6	13.1		19	12
2012	12.3	14.4	18.1	20.4	22.8	24	22.4	22.3	19.8	19	16.1	13.2		18.7	12
2013	12.1	15.1	16	20	22.2	24	21.5	20.7	19.6	19.4	14.8	13		18.2	12
2014	10.8	16	17.4	20.2	21.8	23.9	21.5	22.1	20.6	18.9	14.2	12.9		18.4	12
2015	13.3	13.2	15.3	19.9	22.8	22.4	21.5	22.3	21.8	18.6	17.2	13.1		18.4	12
2016	9.5	14.4	16.4	20.8	23.8	23.2	23.9	21.8	21.3	18.9	15.9	14.7		18.7	12
2017	13.2	15.7	18.1	20.8	24	24.6	22.8	22.3	20.8	19	16	12.1		19.1	12
2018	12.4	16.9	19.6	21.6	24.1	23.9	23.4	22.9	20.8	18.8	14.6	12		19.2	12
2019	13.2	17.6			23.7	25.2	23.5	24.8	22.2	20.6	17.1	13.4		20.1	10
2020	12.9	16.1	21.4	22.4	23.6	24.5	23.4	23.2	20.4	18.8	17			20.3	11
2021	12.8	15.6	19.4	18.4	19.9	19.8	18.1	18.1	18.4	17.4	17.4	15.2		17.5	12
2022			17.4	22.2	24.3	24.2	24		20.2	17.8	16	14.1		20	9
2023								24.6						24.6	1
MÍNIMA	9.5	11.3	14.3	15.2	17	16.1	18.1	18.1	16.9	15.4	13.2	10.3		16	1
MÁXIMA	15.2	17.6	21.4	24	25	25.6	25.2	25	22.6	21.7	20.9	15.9		24.6	12
MEDIA	12.7	14.6	17.4	20.5	22.8	23.4	22.4	22	20.8	18.7	15.7	13.3		18.8	10.6
DESV.ST	1.2	1.5	1.7	1.7	1.5	1.6	1.2	1.2	1.2	1.1	1.5	1.3		1.2	2.3
