COMISIÓN NACIONAL DEL AGUA
COORDINACIÓN GENERAL DEL SERVICIO METEOROLÓGICO NACIONAL
BASE DE DATOS CLIMATOLÓGICA NACIONAL 

ESTADÍSTICA MENSUAL
EMISIÓN   : 13/09/2024 

DATOS DISPONIBLES EN LA BASE DE DATOS A: SEPTIEMBRE DE 2024; 
CON LA INFORMACIÓN SUMINISTRADA POR LAS UNIDADES ADMINISTRATIVAS 

 ESTACIÓN  : 32049 
 NOMBRE    : SAN FRANCISCO (SMN) 
 ESTADO    : ZACATECAS 
 MUNICIPIO : GENERAL FRANCISCO R. MURGUÍA 
 SITUACIÓN : OPERANDO 
 CVE-OMM   :   
 LATITUD   : 24.32472222 ° 
 LONGITUD  : -102.885 ° 
 ALTITUD   : 1680 msnm 


LLUVIA MÁXIMA 24 H.
AÑO	ENE	FEB	MAR	ABR	MAY	JUN	JUL	AGO	SEP	OCT	NOV	DIC	ACUM	PROM	MESES
1944					17.5	20	18.5	46.5	26	16	20	5	169.5	21.2	8
1945	6.5	6	6	0.01	8.5	11	24.5	8.5	16	5.5	0.5	1.5	94.51	7.9	12
1946	10.5	1	1	11.5	12	29.5	15	18	11	5.5	22.5	16	153.5	12.8	12
1947	15	0.01	0	2.5	7	32	7.5	35.5	45	31	1.5	1	178.01	14.8	12
1948	24	0.01	4	0.01	24	65.5	39	4.5	23.5	9.5	3.5	0.01	197.53	16.5	12
1949	0.01	7	0	0.01	4.5	8.5	25.5	40	13.5	23.5	0	0.01	122.53	10.2	12
1950	0.01	0.5	3.5	5.5	17	17.5	24	15	16	3.5	0.01	0.01	102.53	8.5	12
1951	0.01	0	6	0.01	1.5	21	13	22	45	21	12	7	148.52	12.4	12
1952	0	0	0	3	0.01	19	17	11.5	3	0.01	0.01	0.01	53.54	4.5	12
1953	0	30	0.01	1	18	11	20	45	41	25	13	11.5	215.51	18	12
1954	2.5	7.5	0.01	1	10	10.5	16	13.5	3	12.5	0.01	3.5	80.02	6.7	12
1955	2.5	0.01	4.5	0.01	7	20	29.5	37	12.5	11.5	1.5	0	126.02	10.5	12
1956	0	0.01	0	2	47.5	9.5	19	7	13	8	12	1.5	119.51	10	12
1957	0.5	1	1	1	10.5	0.5	5.5	12	34	11	1	3	81	6.8	12
1958	10.5	2.5	11.5	3	12.5	18	11	19	28	35	19	9	179	14.9	12
1959	2.5	8.5	0	17.5	2.5	25	74	42	12	34.5	4.5	4.5	227.5	19	12
1960	5	0.01	0	0.01	2	4	5.5	25	10.5	26	0.01	14	92.03	7.7	12
1961	5.5	0	0	6.5	10	10.5	48.5	58.5	19.5	18	0	0.5	177.5	14.8	12
1963	0	0	2.5	5	11	3.5	15	50	21	6.5	2.5	17	134	11.2	12
1964	5.5	0	0	0	16	7.5	11	12.5	41	19.5	1.5	13.5	128	10.7	12
1965	2	3	0	21	6.5	8	10.5	23.5	31	0	3	32	140.5	11.7	12
1966	3	9	11.5	8.5	11.5	11	26	38	12	15.5	11.5	0	157.5	13.1	12
1967	30.5	7	9.5	0	1.5	12.5	9.5	26.5	20.5	33	0	1.5	152	12.7	12
1968	12	7.5	18	32	3.5	20	44.5	33.5	26.5	13	0	14.5	225	18.8	12
1969	2	0	0	0	1	17	15.5	12.5	14.5	2.5	16	13.5	94.5	7.9	12
1970	9	15	0	0	3	32.5	10.5	12	37	16	0	0	135	11.2	12
1971	4.5	0	0.5	0	19	20	11	24.5	23	24	0	5	131.5	11	12
1972	3	1	0	2	28	30	12.5	29.5	17	5	20	2	150	12.5	12
1973	19.5	10.5	0	0	3	12.5	77.5	59.5	27.5	7.5	0	1	218.5	18.2	12
1974	0	0	2.5	16.5	7	15.5	5.5	36.5	16.5	11	3.5	5	119.5	10	12
1975	3.5	1	0	0	9.5	9	23.5	11	13	8	0	10.5	89	7.4	12
1976	0.5	0	0	5.5	3.5	29	29	7.5	53.5	6.5	27	5	167	13.9	12
1977	4	0	0	11.5	0.5	34	12.5	31.5	6	26.5	0	1	127.5	10.6	12
1978	0	1.5	5	0	5.5	18.5	18.5	15.5	33	35	0	7	139.5	11.6	12
1979	0.5	3.5	2	3.5	2	13	5.5	14	18	0	3.5	24.5	90	7.5	12
1980	5	8	0	0	0.5	0	15	31.5	15.5	12.5	2.5	6	96.5	8	12
1981	25	11.5	4.5	7	19	18	12.5	57	39.5	13	0.5	10.5	218	18.2	12
1982	5.5	0	8	0	31	14	11	7.5	8				85	9.4	9
1983	5.5	0.01	8	0	31	14	11	29	25.5	7.5	5	0	136.51	11.4	12
1984	14	2.5	0	0	7	18.5	29.5	22	12	4.5	0	12	122	10.2	12
1985	9	0.5	0	3.5	3.5	19.5	38.5	43	3	37.5	5.5	13.5	177	14.8	12
1986	2	5	0	23.5	28.5	46	28.5	14	26.5	10	8	7	199	16.6	12
1987	34	25	0	13.5	12.5	47	39	17	21	16	3	5.5	233.5	19.5	12
1988	0	0	0.5	14.5	4	18.5	36.5	31.5	17.5	2.5		0	125.5	11.4	11
1989	0	0.5	4	0.01	11	2	8.5	73	27	22.5	24	19.5	192.01	16	12
1990	9.5	3.5	1	0.01	6	19	50	27	18.5	20	0.01		154.52	14	11
1991	0.5	6	0	0	14	6.5	25	16.5	23	19	5.5	6.5	122.5	10.2	12
1992	27	2	2	1	10.5	17.5	14.5	21.5	8	12	12	4	132	11	12
1993	4	0.01	2	0.01	11.5	10	8.5	24	27.5	4	22.5	0.01	114.03	9.5	12
1994	6.5	0.01	11.5	19	6	18.5	29		19.5	7	11.5	16	144.51	13.1	11
1995	3.5	0.5	0	0.01	7.5	10		23	8.5	32	0.01	6.5	91.52	8.3	11
1996	1.5	1.5	0	5.5	11.5	68	11	27.5	8.5	40	17.5	0.01	192.51	16	12
1997	10	20	5	9.5	12.5	6.5	22	8.5	43	5.5	13.5	3.5	159.5	13.3	12
2009	0.01	0	1.8	0	4	20	19.4	25	11.7	10	8.7	2.8	103.41	8.6	12
2010	1.6	12.8	1.1	0.01	20.5	3.3	25.7	5	17.8	0	0	0	87.81	7.3	12
2011	0	0	0	0	1	13.5	11.2	46	13.5	10	0	0.01	95.21	7.9	12
2012	17	4	0.01	9.3	3	10.2	30.7	14.8	34	21.5	1	1	146.51	12.2	12
2013	4	0.01	0.01	0.01	5.3	17.5	32.9	12	26.5	23.5	4.8	23.2	149.73	12.5	12
2014	8	0	2.5	0.01	38.3	21.7	55	19.2	55.3	8.5	24.2	2.8	235.51	19.6	12
2015	5.6	75.1	27.5	3.2	3.2	18.5	20.8	9.5	15.7	34	4	0.01	217.11	18.1	12
2016	2.7	0.2	6.2	0.01	3.3	5.5	31	33.1	21.5	1.5	8.7	0.2	113.91	9.5	12
2017	0	0	31.5	2.3	4	12	29.54	13.2	34	3.8	0	19	149.34	12.4	12
2018	5.1	7.5	0.01	8.8	19.8	7.8	21.2	11.6	38	12.7	10.5	0.01	143.02	11.9	12
2019	24.1	0.01	3.4	0.01	1.2	18.3	10.9	4	13	23.3	31.9	13.2	143.32	11.9	12
2020	19.5	11.3	2.5	0.01	4	16.2	48.9	0.01	12.5	0	0	0.9	115.82	9.7	12
2021	0.01	0	0	0.01	14.5	22	34.8	26	10.4	12.7	4.7	1.5	126.62	10.6	12
2022	0.01	0.01	0	4.5				25.1	37.8	39.2	2.4		109.02	13.6	8
2023	0	0	0.01	3.1	11.4	2.5							17.01	2.8	6
2024								0	0				0	0	2
MÍNIMA	0	0	0	0	0.01	0	5.5	0	0	0	0	0	0	0	2
MÁXIMA	34	75.1	31.5	32	47.5	68	77.5	73	55.3	40	31.9	32	235.51	21.2	12
MEDIA	6.5	4.8	3.2	4.3	10.5	17.4	23.3	24.1	21.7	15	6.6	6.3	138.6	11.8	11.6
DESV.ST	8.3	10.6	5.9	6.8	9.6	12.8	15.4	15.5	12.5	11.2	8.3	7.3	48.4	4.1	1.6

LLUVIA TOTAL MENSUAL
AÑO	ENE	FEB	MAR	ABR	MAY	JUN	JUL	AGO	SEP	OCT	NOV	DIC	ACUM	PROM	MESES
1944					22.56	37.58	61.58	124.57	99.58	23.02	35.01	10.04	413.94	51.7	8
1945	18.54	6.03	6.01	0.01	17.08	40.02	67.05	18.13	42.04	11.04	0.52	1.51	227.98	19	12
1946	16.01	1.06	1.01	36.07	12.02	88.1	51.57	36.59	32.07	11.54	29.07	16.03	331.14	27.6	12
1947	21.53	0.02	0	2.53	9.57	72.56	24.58	114.56	111.53	38.57	2.02	2.02	399.49	33.3	12
1948	27.02	0.02	4.01	0.08	25.62	148.54	119.1	11.6	86.57	36.06	4.53	0.02	463.17	38.6	12
1949	0.04	10.04	0	0.01	11.06	37.59	125.1	87.59	36.59	62.55	0	0.08	370.65	30.9	12
1950	0.01	0.53	3.55	7.06	17.14	40.57	64.16	53.06	29.12	3.55	0.03	0.02	218.8	18.2	12
1951	0.01	0	7.56	0.03	3.04	59.06	23.57	42.66	98.05	37.55	22.01	7.02	300.56	25	12
1952	0	0	0	5.02	0.02	62.07	40.11	30.54	7.04	0.01	0.02	0.05	144.88	12.1	12
1953	0	30.02	0.05	1.02	18.04	15.58	52.09	135.08	102.03	51.64	26	27.55	459.1	38.3	12
1954	2.52	7.54	0.01	1.06	15.05	36.53	58.1	44.57	8.06	20.06	0.02	3.54	197.06	16.4	12
1955	3.02	0.01	4.52	0.01	10.56	52.08	39.15	135.57	29.57	12.03	2.04	0	288.56	24	12
1956	0	0.01	0	3.03	54.59	22.09	44.61	17.59	34.04	14.03	24.5	1.52	216.01	18	12
1957	0.52	1.52	1.01	1.02	21.56	1.13	7.58	29.57	99.53	25.52	1.02	3.03	193.01	16.1	12
1958	14.04	6.01	11.51	3.52	15.58	73.56	23.14	102.07	87.07	142.07	27.55	26.52	532.64	44.4	12
1959	4.52	18.05	0	34.08	7.57	45.56	152.57	85.11	22.6	104.53	4.53	4.53	483.65	40.3	12
1960	7.03	0.03	0	0.02	2.04	4.09	19.59	124.06	21.06	42.05	0.03	16.07	236.07	19.7	12
1961	18.5	0	0	8	10	35.5	121.57	80.61	41	18	0	0.5	333.68	27.8	12
1963	0	0	2.5	9	44.5	19.5	35	87.07	39.5	15.5	5	24	281.57	23.5	12
1964	7	0	0	0	44	34	57	44.5	101	44	1.5	21	354	29.5	12
1965	2	3	0	25.5	10	24.5	40.5	109	131	0	5	40.02	390.52	32.5	12
1966	7.5	9	15.5	8.5	35.5	25.5	81.5	149.5	24.5	26.5	11.5	0	395	32.9	12
1967	30.5	7	16.5	0	1.5	28.5	44.5	121	41	57	0	2	349.5	29.1	12
1968	13.5	22.5	32.5	39	5.5	38	99.59	79	133	17	0	27	506.59	42.2	12
1969	2.5	0	0	0	2	20.5	35.5	27.5	42.5	8.5	23.5	15.5	178	14.8	12
1970	10	26	0	0	5	76.5	29.5	34.5	119	20	0	0	320.5	26.7	12
1971	10	0	0.5	0	27.5	85.5	15.5	103.5	37.5	61.5	0	6.5	348	29	12
1972	3	1	0	3.5	39.5	80	40.5	42	41.5	6.5	27	2.5	287	23.9	12
1973	21.5	15.5	0	0	15	22.5	112.63	201.02	78.5	17	0	1	484.65	40.4	12
1974	0	0	4	16.5	19.5	18	16	94	62.5	27.5	3.5	13.5	275	22.9	12
1975	15	2	0	0	9.5	21	102.5	47.5	22	62.5	0	15	297	24.8	12
1976	0.5	0	0	6.5	4.5	38	154.5	16	151.57	17.5	67.5	14	470.57	39.2	12
1977	7.5	0	0	12	0.5	49	32.5	90	15	60	0	1	267.5	22.3	12
1978	0	3.5	7	0	9	35	60	66.5	169.5	65	0	7.5	423	35.2	12
1979	0.5	7.5	2	4	3	38.5	24.5	47	32	0	4	37	200	16.7	12
1980	6	22.5	0	0	1	0	32	72	38	30.5	4.5	12	218.5	18.2	12
1981	34.5	18	4.5	10.5	25	35.5	40.5	93.1	89	30.5	0.5	11	392.6	32.7	12
1982	6	0	11	0	45.5	25.5	33.5	24.5	18.5				164.5	18.3	9
1983	6.07	0.01	11.02	0	45.57	25.57	33.5	129.5	74	8	7	0	340.24	28.4	12
1984	17	2.5	0	0	19.5	70.5	92.5	60	33	5.5	0	23	323.5	27	12
1985	16	0.5	0	11.5	11.5	52.5	108.5	116	13.5	64	5.5	17	416.5	34.7	12
1986	2	7.5	0	37	60.5	136.07	69.5	50.5	118.5	41	11	17.5	551.07	45.9	12
1987	66.04	28	0	24.5	26	68.03	108.5	53.5	99	19.5	5.5	11	509.57	42.5	12
1988	0	0	0.5	39.5	7.5	76.5	161	64	37	2.5		0	388.5	35.3	11
1989	0	0.53	4.01	0.08	11.01	3.04	26.61	178.57	44.08	27.01	35.52	39.03	369.49	30.8	12
1990	13.53	6.03	1.06	0.04	14.06	23.04	192.58	113.05	82.04	44.5	0.02		489.95	44.5	11
1991	1.01	6.06	0	0	14.02	21.04	177.03	67.04	107.55	41.5	6.02	31.57	472.84	39.4	12
1992	93.52	2.04	3.06	1.05	28.1	21.06	32.1	45.6	21.12	20.57	18.55	4.02	290.79	24.2	12
1993	4.55	0.01	2	0.03	27.05	26.04	55.55	68.57	101.58	4.04	43.5	0.02	332.94	27.7	12
1994	12.53	0.01	13.03	21.02	13.08	63.05	55.08		46.54	12.56	17.54	26.04	280.48	25.5	11
1995	6.01	0.56	0	0.01	12.53	20.07		83.1	20.58	32.01	0.06	10.52	185.45	16.9	11
1996	1.5	2.01	0	5.54	28.04	130.06	18.6	95.1	40.55	84.51	18.01	0.01	423.93	35.3	12
1997	17	20.01	5.59	21.58	22.07	20.61	43.6	27.06	80.06	10.04	27.5	3.51	298.63	24.9	12
2009	0.02	0	4.71	0	14.38	60.16	51.24	54.55	70.12	17.73	11.73	2.81	287.45	24	12
2010	4.12	22.93	1.1	0.04	21.23	13.17	126.46	8.99	85.94	0	0	0	283.98	23.7	12
2011	0	0	0	0	1.04	16.72	50.05	59.19	20.06	10.83	0	0.02	157.91	13.2	12
2012	17.01	10.73	0.05	9.54	5.07	12.23	76.71	61.59	102.44	28.23	1.04	1.02	325.66	27.1	12
2013	10.63	0.01	0.03	0.03	7.96	43.07	202.25	49.98	118.15	43.21	17.04	47.24	539.6	45	12
2014	9.33	0	4.31	0.04	61.05	93.94	96.8	73.07	122.54	12.62	52.93	7.71	534.34	44.5	12
2015	13.44	87.05	56.43	7.43	9.28	95.63	88.74	37.19	40.82	83.55	6.04	0.04	525.64	43.8	12
2016	4.03	0.21	10.75	0.05	8.96	17.54	86.27	191.95	67.55	2.64	12.02	0.23	402.2	33.5	12
2017	0	0	53.23	2.62	11.33	16.33	103.19	55.24	105.28	10.33	0	23.62	381.17	31.8	12
2018	10	9.16	0.01	10.04	22.06	48.74	37.69	43.01	196.16	48.24	13.72	0.02	438.85	36.6	12
2019	34.61	0.02	4.71	0.02	2.24	50.22	30.96	10.47	51.05	24.83	40.15	20.91	270.19	22.5	12
2020	53.51	11.31	2.55	0.02	5.07	51.19	129.1	0.05	49.73	0	0	0.9	303.43	25.3	12
2021	0.03	0	0	0.01	34.43	61.12	110.73	90.64	53.73	34.76	7.22	2.91	395.58	33	12
2022	0.03	0.01	0	8.53				119.51	97.63	68.36	2.41		296.48	37.1	8
2023	0	0	0.02	6.23	31.98	2.54							40.77	6.8	6
2024								0	0				0	0	2
MÍNIMA	0	0	0	0	0.02	0	7.58	0	0	0	0	0	0	0	2
MÁXIMA	93.52	87.05	56.43	39.5	61.05	148.54	202.25	201.02	196.16	142.07	67.5	47.24	551.07	51.7	12
MEDIA	10.8	6.5	4.7	6.6	17.9	43.7	70	72.1	65.8	30.7	10.7	10.3	337.3	28.8	11.6
DESV.ST	16.2	12.8	10.4	10.7	14.8	31.6	46.8	45.2	42.8	27.3	14.7	12.1	119.4	10.2	1.6

EVAPORACIÓN MENSUAL
AÑO	ENE	FEB	MAR	ABR	MAY	JUN	JUL	AGO	SEP	OCT	NOV	DIC	ACUM	PROM	MESES
1991							152.15	199.43	129.32	138.97	109.22	85.6	814.69	135.8	6
1992	75.1	119.49	205.65	221.13	243.32	283.92	259.03	228.21	206.97	174.87	137.01	126.29	2280.99	190.1	12
1993	138.84	164.07	238.19	269.55	291.81	245.89	237.86	268.69	156.16	182.56	116.75	125.61	2435.98	203	12
1994	124.69	164.77	240.01	254.93	275.66	249.96	258.41		155.98	148.96	139.82	99.59	2112.78	192.1	11
1995	117.63	131.22	219.09	264.25	307.14	274.97		186.68	178.53	190.99	131.56	99.37	2101.43	191	11
1996	131.71	154.57	221.4	238.07	292.49	238.31	236.54	176.73	144.07	144.63	118.21	98.43	2195.16	182.9	12
1997	110.3	151.9	164.45	189.3	236.6	226.08	236.87	232.14	185.51	156.27		108.83	1998.25	181.7	11
2009	132.44	171.32	226.39	280.47	235.35	228.57	241.66	224.56	131.12	155.08	118.75	114.83	2260.54	188.4	12
2010	118.42	115.98	219.69	272.2	308.94	262.72	180.09	233.96	160.76	165.96	146.73	131.84	2317.29	193.1	12
2011	137.89	179.25	244.45	292.66	301.12	303.93	182.24	232.56	195.02	178.54	150.88	142.07	2540.61	211.7	12
2012	128.51	133.11	244.2	258.95	294.8	290.07	214.49	213.62	155.35	176.47	120.35	138.34	2368.26	197.4	12
2013	120.68	194.84	220.39	290.02	285.48	279.93	191.38	207.39	151.08	164.3	87.46	114.08	2307.03	192.3	12
2014	108.51	182.31	232.06	274.97	258.84	227.45	208.36	191.31	156.66	176.41	110.92	105.62	2233.42	186.1	12
2015	106.55	130.09	127.51	192.94	264.37	178.52	183.14	220.18	181.21	135.64	121.34	137.23	1978.72	164.9	12
2016	135.9	171.76	207.23	250.5	266.8	234.96	229.72	145.96	139.95	145.03	106.42	127.93	2162.16	180.2	12
2017	150.46	172.67	207.02	254.96	312.65	272.16	209.65	196.71	117.63	155.79	147.04	84.27	2281.01	190.1	12
2018	118.98	147.48	229	242.78	282.6	223.7	234.61	217.25	136.36	117.36	116.64	118.53	2185.29	182.1	12
2019	124.88	181.49	214.18	263.74	315.55	237.24	232.69	238.89	157.9	176.79	118.31	113.39	2375.05	197.9	12
2020	97.68	151.95	212.92	254.69	281.29	278.85	201.79	210.71	148.06	197.43	150.5	128.48	2314.35	192.9	12
2021	129.3	178.74	228.9	263.53	252.95	202.85	164.72	178.86	139.2	134.75	123.33	121.22	2118.35	176.5	12
2022	134.69	164.32	248.55	257.6				173.42	142.55	121.01	132.65		1374.79	171.8	8
2023	145.97	161.52	244.12	234.38	243.05	300.98							1330.02	221.7	6
MÍNIMA	75.1	115.98	127.51	189.3	235.35	178.52	152.15	145.96	117.63	117.36	87.46	84.27	814.69	135.8	6
MÁXIMA	150.46	194.84	248.55	292.66	315.55	303.93	259.03	268.69	206.97	197.43	150.88	142.07	2540.61	221.7	12
MEDIA	123.3	158.2	218.8	253.4	277.5	252.1	213.4	208.9	155.7	158.9	125.2	116.1	2094.8	187.4	11.1
DESV.ST	17.2	22	28.2	27	26.1	33.5	31.1	28.3	22.7	22.3	16.6	16.8	409.2	16.9	1.9

TEMPERATURA MÁXIMA PROMEDIO
AÑO	ENE	FEB	MAR	ABR	MAY	JUN	JUL	AGO	SEP	OCT	NOV	DIC	ACUM	PROM	MESES
1989				30.6	34.6	34.8	32.7	30.8	29.8	29	25.6	20.2		29.8	9
1990	24	23.6	29	31.1	34.5	34.3	29.4	29.5	29	27.3	27.1			29	11
1991	23.1	24	30	31.2	34.1	33.5	27.4	30.3	26.5	26.6	24.6	21		27.7	12
1992	17.5	21.6	26.2	28.5	30	34.6	32.4	30.6	29.6	27.8	25	25.7		27.5	12
1993	23.2	26.4	26.8	30	31.3	32.5	32	32	28.1	28.8	26.1	25.5		28.6	12
1994	23.4	27.2	28.2	30.3	34	32.3	32.6		29.1	28.9	28.9	24.1		29	11
1995	23.5	25.6	28.4	31	35	34.2		30.6	31	29.2	27.3	23.5		29	11
1996	24.9	27.7	27.8	30.2	35.2	32.4	32.9	30.5	29.8	27.1	25.5	23.8		29	12
1997	22.5	25.1	26.4	26.6	31.4	33.5	32.6	33	30.6	27.9	26.9	21.1		28.1	12
2009	25.3	28.1	29	31.9	33	33.5	33.1	31.9	28	28.6	24.6	23.1		29.2	12
2010	21.7	21.4	26.1	31.1	34.5	34.3	29.9	32.8	29.8	29.5	26	24.9		28.5	12
2011	24.4	27.4	30.5	33.9	35.1	35.3	31.9	33.3	31	29.7	26.5	25		30.3	12
2012	24.4	24.7	29.5	31.9	33.8	34.3	31.2	31.7	29	29.5	26.4	25.2		29.3	12
2013	22.8	26.3	27.6	31.6	32.8	34.2	29.4	31	27.6	28.6	23.8	22.5		28.2	12
2014	22.3	29.1	29.2	31.8	32.5	33.4	30.7	31.1	29.3	30.2	23.6	24.4		29	12
2015	22.5	24.1	24.6	30.7	33	31.3	30.6	32.7	31.2	28.1	28.1	25.1		28.5	12
2016	23	27.5	27.6	31.3	34.1	33.5	33.9	29.2	29.4	29	25.4	26.7		29.2	12
2017	24.9	27.8	29	31.6	35	35.5	32.2	31.2	28	29	28.7	22		29.6	12
2018	23.7	26.4	31.2	32.4	35	33.5	32.9	32.3	28.1	26.6	25.2	23.2		29.2	12
2019	24.8	28.6	30.7	31.5	34.9	34.4	33.7	34.6	30.6	30.8	26.4	24.5		30.5	12
2020	22.5	26.2	31.6	33.9	34.2	34.4	31.8	32.3	29.2	31.4	29.1	24.1		30.1	12
2021	24.7	28.7	31.3	33.2	33.8	32.6	29.6	31.3	30.1	29.3	27.4	27.5		30	12
2022	25	26.2	30.4	33.6				31.6	29.1	27.4	29.2			29.1	8
2023	26.9	28.7	31.9	32.2	32.7	38.3								31.8	6
MÍNIMA	17.5	21.4	24.6	26.6	30	31.3	27.4	29.2	26.5	26.6	23.6	20.2		27.5	6
MÁXIMA	26.9	29.1	31.9	33.9	35.2	38.3	33.9	34.6	31.2	31.4	29.2	27.5		31.8	12
MEDIA	23.5	26.2	28.8	31.3	33.7	33.9	31.6	31.6	29.3	28.7	26.4	24		29.2	11.3
DESV.ST	1.8	2.2	2	1.6	1.4	1.4	1.7	1.3	1.2	1.2	1.6	1.9		0.9	1.5

TEMPERATURA MÁXIMA EXTREMA
AÑO	ENE	FEB	MAR	ABR	MAY	JUN	JUL	AGO	SEP	OCT	NOV	DIC	ACUM	PROM	MESES
1989				33.5	39	40.5	37	34	33.5	33.5	31	25		34.1	9
1990	28	28	33	34.5	40	38	32	32	31	31.5	31.5			32.7	11
1991	27	28.5	34.5	34.5	37.5	37	31.5	33.5	29.5	31	28	26.5		31.6	12
1992	23	27.5	31.5	33.5	33	38	36.5	33	33	31	30	30		31.7	12
1993	27.5	31.5	31	34	34	38	34	35	31.5	33.5	30	29		32.4	12
1994	28	32	35	34	36	35	36		32	33.5	31	29.5		32.9	11
1995	29	29.5	34	34	37.5	38.5		34	34	33	31	30.5		33.2	11
1996	30	32	33	35	39	36	35	34	33	32.5	32	28		33.3	12
1997	28.5	31.5	31	33.5	35.5	37	34.5	35.5	33	32	31	30		32.8	12
2009	30	33	33.5	36	37.5	37.5	36.5	35.5	31.5	34	31.5	28.5		33.8	12
2010	28	28	32.5	34	37.5	38	34	34.5	35.5	35	31	29		33.1	12
2011	29	32.5	33.5	36.5	40	38.5	35	36	35	33.5	31.5	28.5		34.1	12
2012	29	31.5	33.5	36	37.5	38	34.5	34.5	32	33.5	30	30		33.3	12
2013	28	29.5	32.5	35	37.5	38	33	33.5	31.5	31.5	28.5	29		32.3	12
2014	29	32	34	35.5	36	37.5	35	35	34.5	32.5	28	28.5		33.1	12
2015	28.5	32	31.5	35	38	37.5	34	35	36	34.5	32	31.5		33.8	12
2016	31.5	35	32	35.5	37.5	38	36.5	34.5	32	32	31.5	31		33.9	12
2017	31.5	32.5	33	35	38.5	38.5	36.5	35	33.5	31.5	34.5	30.5		34.2	12
2018	29	31.5	36	37	42	40	37.5	35.5	32	33.5	30.5	28		34.4	12
2019	30	33.5	35.5	36	39	38.5	37.5	37	34	35	31	31.5		34.9	12
2020	28	32.5	38.5	38	37	39	37	36.5	34	34.5	34	28.5		34.8	12
2021	32.5	33	34	36.5	39	38.5	34	35	32.5	33	31.5	32.5		34.3	12
2022	31	33	35	38				34.5	31.5	32	32.5			33.4	8
2023	29.5	37	37.5	37.5	37	42								36.8	6
MÍNIMA	23	27.5	31	33.5	33	35	31.5	32	29.5	31	28	25		31.6	6
MÁXIMA	32.5	37	38.5	38	42	42	37.5	37	36	35	34.5	32.5		36.8	12
MEDIA	28.9	31.6	33.7	35.3	37.6	38.2	35.1	34.7	32.9	32.9	31	29.3		33.5	11.3
DESV.ST	1.9	2.3	1.9	1.4	2	1.4	1.7	1.1	1.6	1.2	1.6	1.7		1.1	1.5

TEMPERATURA MÍNIMA PROMEDIO
AÑO	ENE	FEB	MAR	ABR	MAY	JUN	JUL	AGO	SEP	OCT	NOV	DIC	ACUM	PROM	MESES
1989				9.5	12	14.5	14.7	15.3	12.1	6.8	4.6	1.2		10.1	9
1990	2.7	3.8	7	8.6	13.3	16.2	15.1	13.7	13	9.8	4.1			9.8	11
1991	1.2	3.9	5.7	9.1	13.6	14.8	15.4	14.6	13.4	9.1	4.2	5.6		9.2	12
1992	5.3	2.3	5.5	7	11.4	15.6	15.3	14.4	13.6	9	3.7	4.7		9	12
1993	3.1	3.4	4.3	8	11	15.6	16	15.8	14.3	9	5.8	2.7		9.1	12
1994	2.1	3.4	6.8	9.2	13.6	16	16.1		12.8	9.2	8.2	5.6		9.4	11
1995	0.6	5.2	5.6	7.6	13.9	15.9		15.9	14.4	7	5.7	1.9		8.5	11
1996	-0.9	3.7	3.4	7.4	14.8	15.4	16.6	15.4	14.2	9.4	4.4	1.1		8.7	12
1997	0.4	3.2	6.8	8.1	11.6	15.9	16.8	15.4	14.2	9	5.5	-1		8.8	12
2009	2.4	2.9	6.6	8.6	13.6	16.3	16.9	16.2	14.9	11.9	3.3	3		9.7	12
2010	0.9	2.1	3.3	9.1	13.3	16.6	17.1	16.5	15.9	7.9	1.9	-1.8		8.6	12
2011	0.1	1.2	7.4	9.3	12.5	15.9	16.8	16.6	13.8	9.1	4.2	2		9.1	12
2012	0.6	5.7	7.3	9.6	12.5	16.3	16.7	15.9	13.9	10.9	6.4	3.4		9.9	12
2013	2.6	4.3	5.2	9.4	13.5	16.7	16.5	15.3	15.4	11.9	7.6	3.9		10.2	12
2014	2.6	4.4	7	10.5	12.6	16.6	15.7	15.9	14.9	9.4	4.9	1.6		9.7	12
2015	5.2	5.4	8	11.6	13	16.2	15.8	15.1	14.8	11.4	8.8	3.6		10.7	12
2016	-0.5	2.6	6.7	9.6	14.2	14.3	16.7	16.6	14.9	10.5	7.6	3.9		9.8	12
2017	2.8	1.9	7.1	9.2	12.1	15.7	16.6	16.8	15.1	10.7	3.3	3.4		9.6	12
2018	1.7	8.3	8	10.4	14.9	16.4	16.1	15.9	16.3	12.8	4.1	1.4		10.5	12
2019	2.7	5.9	7.5	7.7	13	17.5	16.5	17.9	15.5	12.1	8.5	3		10.7	12
2020	3.6	5	10.8	10.8	14.2	16.2	18	15.9	13.4	7.1	5.4	0.4		10.1	12
2021	-0.3	4	6.9	10.2	14.9	16.8	16.6	16.1	14.8	11.5	6.1	4.8		10.2	12
2022	1.6	2.6	4.7	10.8				17.5	14	9.3	4.1			8.1	8
2023	0.9	4.5	7.4	11	13.6	15.9								8.9	6
MÍNIMA	-0.9	1.2	3.3	7	11	14.3	14.7	13.7	12.1	6.8	1.9	-1.8		8.1	6
MÁXIMA	5.3	8.3	10.8	11.6	14.9	17.5	18	17.9	16.3	12.8	8.8	5.6		10.7	12
MEDIA	1.8	3.9	6.5	9.3	13.2	16	16.3	15.8	14.3	9.8	5.3	2.6		9.5	11.3
DESV.ST	1.6	1.6	1.6	1.2	1.1	0.7	0.8	1	1	1.7	1.8	2		0.7	1.5

TEMPERATURA MÍNIMA EXTREMA
AÑO	ENE	FEB	MAR	ABR	MAY	JUN	JUL	AGO	SEP	OCT	NOV	DIC	ACUM	PROM	MESES
1989				5	5	11	13	13	1.5	1.5	2	-7.5		4.9	9
1990	-6	-6	-1	4	7	14	13	9.5	9	3	-4.5			3.8	11
1991	-5.5	-6	-5	3	6.5	9	13	11.5	8	5	-6.5	-5		2.3	12
1992	0	-1.5	-1	0	9	11	12	12.5	4	-0.5	-6	-3.5		3	12
1993	-3	-3	-3	0	6.5	11.5	14	14	7	-1	-3	-5		2.9	12
1994	-9.5	-4	-0.5	2	8	13	13		6	5.5	4	-4.5		3	11
1995	-4	-4	-2	2	7.5	12		13	11	0	-2	-2		2.9	11
1996	-5	-2	-6	0	8	12	13.5	13.5	10	4	-3	-5.5		3.3	12
1997	-10	-2	-2	0	6	12.5	15	12.5	7.5	0	-3	-11		2.1	12
2009	-6	-5	-0.5	4	2.7	10.5	15	14	7	0	-0.5	-4		3.1	12
2010	-8	-5.5	-4.5	3	3.5	13	12	14.5	8	5	-4	-7.5		2.5	12
2011	-4.5	-10	2	3.5	6	12	15.5	13.5	8	4.5	-11	-6.5		2.8	12
2012	-6.5	-1.5	-3	4	7	13	14	12	8.5	5.5	0	-3.5		4.1	12
2013	-7.5	-4	-7	4	5	14	14.5	11.5	12	6	-4.5	-2.5		3.5	12
2014	-4	-1	-0.5	0	3	12	12	13.5	10.5	4.5	-8	-6.5		3	12
2015	-5	0.5	4	7.5	5	9.5	13.5	9	9	6	1	-8.5		4.3	12
2016	-7	-5	0.5	2.5	10	7	13.5	14	11.5	4.5	3	-2.5		4.3	12
2017	-3	-3	1.5	1	6.5	12.5	15	12.5	9	4	-5	-12.5		3.2	12
2018	-2	4.5	3	-1	6	14	14	13	14.5	8	-8	-8.5		4.8	12
2019	-3	-0.5	4	1	7.5	13	12	14	13	4	3.5	-3.5		5.4	12
2020	-4	-2.5	4.5	6	9	9	15	13	4.5	1	1	-7.5		4.1	12
2021	-6.5	-2.5	1	1.5	9	12	13.5	12	11	1	2	-4.5		4.1	12
2022	-3.5	-6	-6	1				15.5	8	2	-1.5			1.2	8
2023	-5	-6	-7	5.5	7	11.5								1	6
MÍNIMA	-10	-10	-7	-1	2.7	7	12	9	1.5	-1	-11	-12.5		1	6
MÁXIMA	0	4.5	4.5	7.5	10	14	15.5	15.5	14.5	8	4	-2		5.4	12
MEDIA	-5.2	-3.3	-1.2	2.5	6.6	11.7	13.6	12.8	8.6	3.2	-2.3	-5.8		3.3	11.3
DESV.ST	2.4	2.9	3.6	2.2	1.9	1.8	1.1	1.5	3	2.5	4.1	2.8		1.1	1.5

TEMPERATURA MEDIA MENSUAL
AÑO	ENE	FEB	MAR	ABR	MAY	JUN	JUL	AGO	SEP	OCT	NOV	DIC	ACUM	PROM	MESES
1989				20	23.3	24.6	23.7	23	21	17.9	15.1	10.7		19.9	9
1990	13.3	13.7	18	19.9	23.9	25.2	22.2	21.6	21	18.6	15.6			19.4	11
1991	12.2	13.9	17.9	20.1	23.9	24.1	21.4	22.4	20	17.9	14.4	13.3		18.5	12
1992	11.4	12	15.8	17.8	20.7	25.1	23.9	22.5	21.6	18.4	14.3	15.2		18.2	12
1993	13.2	14.9	15.6	19	21.1	24	24	23.9	21.2	18.9	16	14.1		18.8	12
1994	12.8	15.3	17.5	19.8	23.8	24.1	24.4		21	19	18.5	14.9		19.2	11
1995	12.1	15.4	17	19.3	24.4	25		23.2	22.7	18.1	16.5	12.7		18.8	11
1996	12	15.7	15.6	18.8	25	23.9	24.8	23	22	18.2	14.9	12.5		18.9	12
1997	11.4	14.2	16.6	17.4	21.5	24.7	24.7	24.2	22.4	18.4	16.2	10.1		18.5	12
2009	13.8	15.5	17.8	20.2	23.3	24.9	25	24	21.4	20.2	14	13.1		19.4	12
2010	11.3	11.8	14.7	20.1	23.9	25.4	23.5	24.6	22.9	18.7	13.9	11.5		18.5	12
2011	12.2	14.3	19	21.6	23.8	25.6	24.4	25	22.4	19.4	15.3	13.5		19.7	12
2012	12.5	15.2	18.4	20.8	23.1	25.3	24	23.8	21.4	20.2	16.4	14.3		19.6	12
2013	12.7	15.3	16.4	20.5	23.1	25.5	23	23.1	21.5	20.2	15.7	13.2		19.2	12
2014	12.5	16.8	18.1	21.1	22.6	25	23.2	23.5	22.1	19.8	14.2	13		19.3	12
2015	13.8	14.8	16.3	21.1	23	23.8	23.2	23.9	23	19.8	18.5	14.4		19.6	12
2016	11.2	15.1	17.2	20.4	24.1	23.9	25.3	22.9	22.1	19.8	16.5	15.3		19.5	12
2017	13.8	14.8	18	20.4	23.6	25.6	24.4	24	21.6	19.9	16	12.7		19.6	12
2018	12.7	17.4	19.6	21.4	25	25	24.5	24.1	22.2	19.7	14.6	12.3		19.9	12
2019	13.8	17.2	19.1	19.6	24	26	25.1	26.2	23	21.4	17.4	13.8		20.6	12
2020	13.1	15.6	21.2	22.4	24.2	25.3	24.9	24.1	21.3	19.2	17.2	12.2		20.1	12
2021	12.2	16.4	19.1	21.7	24.3	24.7	23.1	23.7	22.5	20.4	16.8	16.1		20.1	12
2022	13.3	14.4	17.6	22.2				24.6	21.6	18.4	16.6			18.6	8
2023	13.9	16.6	19.6	21.6	23.2	27.1								20.3	6
MÍNIMA	11.2	11.8	14.7	17.4	20.7	23.8	21.4	21.6	20	17.9	13.9	10.1		18.2	6
MÁXIMA	13.9	17.4	21.2	22.4	25	27.1	25.3	26.2	23	21.4	18.5	16.1		20.6	12
MEDIA	12.7	15.1	17.7	20.3	23.4	24.9	23.9	23.7	21.8	19.2	15.9	13.3		19.3	11.3
DESV.ST	0.9	1.4	1.6	1.3	1.1	0.8	1	1	0.8	0.9	1.3	1.5		0.6	1.5
